Error,GradientNorm
0.805996746667877,729214.817569001
0.681122726599623,14048.6779865638
0.627199643453138,337573.367641689
0.596552961128081,7986.87466882489
0.577734208294403,204220.639598196
0.56565738259091,5142.58408332311
0.557667271075774,134141.772729078
0.55233187573931,3397.29627720471
0.548746868638991,89225.225505224
0.546303268069637,2313.99233674251
0.544600835654161,61379.5810601035
0.543383909471611,1664.44028613611
0.542490867852337,44461.6570652674
0.541819059671673,1259.3958119652
0.541302357990187,33866.3002927367
0.540897314981108,989.342718943587
0.540574719952547,26830.0579113565
0.540314440081606,797.175090654146
0.54010223796452,21834.4720324352
0.539927784021709,653.177457619021
0.53978339788209,18077.5946287289
0.539663239349906,541.362340900152
0.539562779546828,15137.5135207327
0.539478448401562,452.614350743977
0.539407394311298,12782.715868182
0.539347316065232,381.297472393638
0.539296342086046,10874.4814451688
0.539252941307841,323.603147301774
0.539215855746008,9320.14544128775
0.539184048368124,276.756950266627
0.539156662079429,8051.70142220238
0.539132987011112,238.632498845446
0.539112434165889,7016.04919154489
0.539094514030958,207.551734250432
0.539078819133581,6170.31028774646
0.539065009762171,182.169834574198
0.539052802249579,5479.30529619904
0.539041959341729,161.400324344864
0.539032282269691,4913.98573083095
0.539023604216541,144.361530756516
0.53901578492812,4450.33475550299
0.539008706262923,130.336202549086
0.539002268513668,4068.53517765004
0.538996387363408,118.740292782995
0.538990991363779,3752.3086675667
0.538986019843239,109.098506009123
0.538981421169686,3488.37057363215
0.538977151305442,101.024892396569
0.538973172603673,3265.96478346733
0.53896945280442,94.2071835529528
0.53896596419588,3076.45710237783
0.538962682912656,88.3939075683059
0.538959588347699,2912.97612604509
0.53895666265876,83.383619470609
0.538953890353528,2770.09724006437
0.53895125794036,79.0158170884746
0.538948753633809,2643.56833012475
0.538946367105962,75.1632690661297
0.538944089276167,2530.07609132147
0.538941912132967,71.7255696823112
0.538939828583089,2427.05083331007
0.538937832323212,68.6237750080426
0.538935917730929,2332.50645340823
0.538934079771904,65.7959889124604
0.538932313920728,2244.91136855689
0.538930616093361,63.1937719570754
0.538928982589397,2163.08582869013
0.53892741004266,60.7792505107912
0.538925895378885,2086.12111490563
0.538924435779415,58.5228109467618
0.538923028650033,2013.31650721345
0.538921671594159,56.4012746815362
0.538920362389781,1944.13044140018
0.538919098969567,54.3964628302109
0.538917879403706,1878.14285207816
0.538916701885073,52.4940729058663
0.538915564716392,1815.02625011645
0.538914466299109,50.6828031242277
0.538913405123732,1754.52357169747
0.538912379761426,48.953671762193
0.538911388856694,1696.43125023511
0.538910431120981,47.2994893227258
0.538909505327086,1640.58630179252
0.538908610304253,45.7144499122581
0.538907744933859,1586.85648671942
0.538906908145611,44.1938153376742
0.538906098914187,1535.13282491846
0.538905316256249,42.733671157502
0.538904559227797,1485.32390966503
0.538903826921792,41.3307384837827
0.538903118466041,1437.35159459259
0.538902433021281,39.9822289306761
0.538901769779457,1391.14772831393
0.538901127962157,38.6857329272324
0.538900506819186,1346.65168776848
0.538899905627265,37.4391338124415
0.538899323688835,1303.80852004572
0.538898760330954,36.2405418416057
0.538898214904271,1262.56754728527
0.538897686782082,35.0882435603447
0.538897175359443,1222.88132353478
0.538896680052334,33.9806630307237
0.538896200296886,1184.70485864732
0.538895735548639,32.9163321900722
0.538895285281848,1147.99504432952
0.53889484898882,31.8938682391487
0.538894426179287,1112.71023278051
0.538894016379807,30.9119564332472
0.538893619133185,1078.80993009397
0.538893233997929,29.969337019175
0.538892860547722,1046.25457558678
0.538892498370915,29.0647953471425
0.538892147070038,1015.0053851119
0.538891806261332,28.1971544083581
0.538891475574298,985.024241703133
0.538891154651254,27.3652692211233
0.538890843146921,956.273620956996
0.538890540728006,26.568022621641
0.538890247072811,928.716541673229
0.53888996187085,25.8043221192292
0.538889684822481,902.316534666369
0.538889415638542,25.0730975559713
0.538889154040009,877.037624489876
0.538888899757657,24.373299373008
0.538888652531732,852.844320214758
0.538888412111639,23.7038973339174
0.538888178255632,829.701612472256
0.538887950730521,23.0638795927501
0.538887729311379,807.574974776579
0.538887513781268,22.4522520229825
0.538887303930967,786.430367751308
0.538887099558708,21.8680377454492
0.538886900469927,766.234245336588
0.538886706477014,21.3102768100338
0.538886517399078,746.953562379095
0.538886333061713,20.7780259982761
0.53888615329678,728.555783247056
0.538885977942184,20.2703587233349
0.538885806841671,711.008891267774
0.538885639844622,19.7863650103413
0.538885476805858,694.281398891061
0.538885317585451,19.3251515448895
0.538885162048538,678.342358540835
0.538885010065145,18.8858417804283
0.538884861510018,663.161374138761
0.538884716262452,18.4675760973296
0.538884574206133,648.708613288993
0.538884435228981,18.0695120072962
0.538884299223005,634.954820091389
0.538884166084151,17.6908243972656
0.538884035712167,621.871328524355
0.538883908010463,17.3307058067536
0.538883782885987,609.430076301665
0.538883660249089,16.988366732352
0.53888354001341,597.603619071104
0.538883422095752,16.6630359525025
0.538883306415976,586.365144786867
0.538883192896883,16.3539608652115
0.538883081464112,575.688488054396
0.538882972046038,16.0604078309103
0.538882864573669,565.548144222521
0.538882758980555,15.7816625123385
0.538882655202696,555.919282978902
0.538882553178447,15.5170302032213
0.53888245284844,546.777761195305
0.538882354155495,15.2658361375729
0.538882257044546,538.100134770766
0.538882161462558,15.0274257717194
0.538882067358455,529.863669226839
0.538881974683052,14.8011650317037
0.538881883388979,522.046348828518
0.538881793430621,14.5864405193838
0.53888170476405,514.626884025975
0.538881617346962,14.3826596713812
0.53888153113862,507.584717044775
0.538881446099798,14.1892508661166
0.538881362192718,500.900025483733
0.538881279381007,14.0056634751186
0.538881197629634,494.55372381951
0.538881116904872,13.8313678560896
0.538881037174239,488.527462754332
0.53888095840646,13.6658552862238
0.538880880571419,482.803626382786
0.538880803640116,13.5086378354541
0.538880727584626,477.365327190818
0.538880652378061,13.3592481803894
0.538880577994528,472.196398935448
0.538880504409095,13.217239360618
0.538880431597755,467.281387485663
0.53888035953739,13.0821844799538
0.53888028820574,462.605539732682
0.538880217581369,12.9536763559856
0.538880147643637,458.154790701528
0.538880078372668,12.8313271217813
0.538880009749323,453.915749014288
0.538879941755171,12.7147677842279
0.538879874372465,449.875680869657
0.538879807584115,12.6036477436982
0.538879741373663,446.022492714295
0.538879675725261,12.4976342800463
0.538879610623645,442.344712784292
0.53887954605412,12.3964120099464
0.53887948200253,438.831471697929
0.538879418455243,12.2996823206958
0.538879355399134,435.472482280745
0.538879292821558,12.2071627853561
0.53887923071034,432.258018794431
0.538879169053752,12.1185865640764
0.538879107840499,429.178895737028
0.538879047059704,12.0337017960952
0.538878986700887,426.226446372481
0.538878926753956,11.9522709866809
0.53887886720919,423.39250113423
0.538878808057225,11.8740703929434
0.53887874928904,420.669366036769
0.538878690895945,11.7988894120599
0.53887863286957,418.049801218107
0.538878575201849,11.7265299751712
0.538878517885014,415.526999719685
0.538878460911579,11.6568059497504
0.538878404274331,413.094566600225
0.538878347966322,11.589542552945
0.538878291980854,410.746498465897
0.538878236311475,11.5245757780448
0.538878180951967,408.477163487437
0.538878125896338,11.4617518358322
0.538878071138811,406.281281962803
0.53887801667382,11.4009266123211
0.538877962495999,404.153907473587
0.538877908600176,11.3419651440726
0.538877854981366,402.090408673205
0.538877801634761,11.2847411119852
0.538877748555727,400.086451735189
0.538877695739795,11.229136354235
0.538877643182658,398.137983482306
0.538877590880158,11.175040398823
0.538877538828289,396.241215208978
0.538877487023185,11.1223500159509
0.538877435461118,394.392607204206
0.53887738413849,11.070968790342
0.538877333051833,392.588853973899
0.538877282197796,11.0208067133871
0.53887723157315,390.826870159928
0.538877181174776,10.9717797949485
0.538877130999664,389.103777145573
0.538877081044908,10.9238096944837
0.538877031307704,387.41689033616
0.538876981785343,10.8768233710937
0.538876932475211,385.76370709844
0.53887688337478,10.8307527520016
0.538876834481612,384.141895341529
0.538876785793349,10.7855344189395
0.538876737307713,382.549282719469
0.538876689022504,10.7411093118284
0.538876640935594,380.98384643412
0.538876593044927,10.6974224491443
0.538876545348514,379.443703615714
0.538876497844432,10.6544226643189
0.538876450530822,377.927102258446
0.538876403405884,10.6120623574838
0.538876356467878,376.43241268732
0.538876309715118,10.5702972619284
0.538876263145974,374.958119531975
0.538876216758867,10.5290862245452
0.538876170552267,373.50281418475
0.538876124524694,10.4883909996261
0.538876078674711,372.065187718277
0.538876033000929,10.4481760553286
0.538875987501998,370.644024240367
0.538875942176612,10.4084083921626
0.538875897023504,369.238194662821
0.538875852041442,10.3690573728595
0.538875807229233,367.846650862462
0.53887576258572,10.3300945630199
0.538875718109776,366.468420212394
0.538875673800309,10.2914935819185
0.538875629656259,365.102600463779
0.538875585676593,10.2532299629009
0.538875541860308,363.748354956627
0.53887549820643,10.2152810228421
0.538875454714009,362.404908141981
0.538875411382123,10.1776257400752
0.538875368209872,361.071541396112
0.538875325196382,10.1402446403543
0.5388752823408,359.747589109664
0.538875239642295,10.1031196903211
0.538875197100057,358.432435034972
0.538875154713296,10.0662341980262
0.538875112481242,357.125508875589
0.538875070403143,10.0295727200745
0.538875028478264,355.826283103224
0.538874986705888,9.99312097498113
0.538874945085315,354.534269987355
0.538874903615858,9.95686576232595
0.538874862296849,353.249018824823
0.538874821127632,9.92079488737289
0.538874780107565,351.970113355435
0.538874739236021,9.8848970907654
0.538874698512384,350.697169353209
0.53887465793605,9.84916198299406
0.538874617506431,349.429832380161
0.538874577222945,9.81357998332
0.538874537085023,348.16777569337
0.538874497092108,9.77814226285671
0.538874457243652,346.910698294391
0.538874417539116,9.74284069153861
0.53887437797797,345.658323112526
0.538874338559694,9.70766778872331
0.538874299283777,344.410395311576
0.538874260149714,9.67261667717946
0.53887422115701,343.166680713813
0.538874182305176,9.6376810402451
0.538874143593731,341.926964331753
0.538874105022201,9.60285508192193
0.538874066590118,340.691049000724
0.538874028297021,9.56813348973192
0.538873990142455,339.458754106784
0.53887395212597,9.53351140013199
0.538873914247123,338.229914401274
0.538873876505476,9.49898436632901
0.538873838900594,337.004378898123
0.53887380143205,9.46454832831659
0.53887376409942,335.782009847707
0.538873726902285,9.43019958498813
0.53887368984023,334.562681780668
0.538873652912845,9.39593476818299
0.538873616119723,333.34628061971
0.538873579460461,9.36175081854925
0.53887354293466,332.132702851628
0.538873506541924,9.32764496307067
0.538873470281861,330.92185475787
0.538873434154081,9.29361469415366
0.538873398158199,329.713651698294
0.538873362293831,9.25965775019291
0.538873326560597,328.508017444668
0.538873290958118,9.22577209746594
0.538873255486021,327.304883560937
0.538873220143931,9.19195591330464
0.538873184931479,326.104188826514
0.538873149848296,9.15820757044081
0.538873114894017,324.905878699706
0.538873080068277,9.1245256224387
0.538873045370715,323.709904819004
0.538873010800969,9.09090879015325
0.538872976358683,322.516224538802
0.538872942043498,9.05735594912516
0.538872907855061,321.32480049798
0.538872873793017,9.02386611787195
0.538872839857015,320.135600218221
0.538872806046704,8.99043844698526
0.538872772361735,318.94859573092
0.538872738801759,8.9570722089984
0.538872705366431,317.76376322979
0.538872672055405,8.92376678897004
0.538872638868336,316.581082748415
0.538872605804881,8.89052167570739
0.538872572864699,315.400537859558
0.538872540047447,8.85733645363982
0.538872507352785,314.222115396442
0.538872474780375,8.82421079522415
0.538872442329877,313.045805193294
0.538872410000954,8.79114445392111
0.538872377793269,311.871599843774
0.538872345706486,8.75813725763445
0.538872313740269,310.699494477092
0.538872281894283,8.72518910262987
0.538872250168196,309.529486549093
0.538872218561672,8.69229994788642
0.53887218707438,308.361575649152
0.538872155705987,8.65946980982424
0.538872124456161,307.195763319288
0.538872093324572,8.6266987574339
0.538872062310887,306.032052887572
0.538872031414779,8.59398690772453
0.538872000635916,304.870449311897
0.53887196997397,8.56133442151082
0.538871939428611,303.710959035995
0.538871908999512,8.52874149948925
0.538871878686344,302.553589854942
0.53887184848878,8.49620837860083
0.538871818406492,301.398350790504
0.538871788439155,8.46373532864589
0.53887175858644,300.24525197534
0.538871728848023,8.4313226491403
0.538871699223578,299.094304545218
0.538871669712778,8.39897066640349
0.538871640315299,297.945520539356
0.538871611030816,8.36667973084496
0.538871581859005,296.798912807643
0.538871552799541,8.33445021445416
0.5388715238521,295.654494924479
0.538871495016359,8.302282508462
0.538871466291993,294.512281108905
0.538871437678681,8.27017702117838
0.538871409176099,293.372286150424
0.538871380783924,8.23813417598392
0.538871352501835,292.234525340492
0.538871324329508,8.20615440946151
0.538871296266623,291.099014408283
0.538871268312857,8.17423816967623
0.538871240467889,289.965769462038
0.538871212731399,8.14238591456606
0.538871185103065,288.834806934109
0.538871157582566,8.11059811046281
0.538871130169583,287.706143529982
0.538871102863794,8.07887523071645
0.538871075664881,286.579796181656
0.538871048572524,8.04721775441752
0.538871021586403,285.455782003677
0.538870994706199,8.01562616522405
0.538870967931593,284.334118253195
0.538870941262267,7.98410095026938
0.538870914697901,283.2148222925
0.538870888238179,7.95264259915312
0.538870861882782,282.097911554664
0.538870835631392,7.92125160300915
0.538870809483692,280.983403511728
0.538870783439365,7.88992845364581
0.538870757498094,279.871315645147
0.538870731659563,7.85867364275095
0.538870705923454,278.761665418781
0.538870680289453,7.82748766115715
0.538870654757243,277.654470253968
0.538870629326509,7.79637099817202
0.538870603996935,276.549747506322
0.538870578768207,7.76532414094448
0.53887055364001,275.447514444591
0.538870528612029,7.73434757390513
0.538870503683951,274.34778823102
0.538870478855462,7.70344177823265
0.538870454126247,273.250585903861
0.538870429495995,7.67260723137071
0.538870404964393,272.155924360167
0.538870380531126,7.64184440658572
0.538870356195885,271.063820341558
0.538870331958356,7.6111537725645
0.538870307818227,269.974290419672
0.538870283775189,7.58053579303768
0.538870259828929,268.887350984245
0.538870235979138,7.5499909264452
0.538870212225505,267.803018231068
0.53887018856772,7.51951962562479
0.538870165005473,266.721308151885
0.538870141538456,7.4891223375356
0.538870118166359,265.642236524659
0.538870094888875,7.45879950299879
0.538870071705695,264.565818905294
0.538870048616511,7.42855155646998
0.538870025621016,263.492070619383
0.538870002718903,7.39837892583486
0.538869979909866,262.421006755678
0.538869957193599,7.3682820322164
0.538869934569794,261.352642159629
0.538869912038148,7.33826128981038
0.538869889598356,260.286991427637
0.538869867250112,7.30831710573981
0.538869844993113,259.224068902359
0.538869822827054,7.27844987992308
0.538869800751633,258.163888668098
0.538869778766547,7.24866000495059
0.538869756871492,257.10646454714
0.538869735066168,7.21894786599056
0.538869713350272,256.051810096066
0.538869691723504,7.18931384070457
0.538869670185563,254.999938603382
0.538869648736148,7.15975829915901
0.53886962737496,253.950863086582
0.538869606101699,7.13028160377668
0.538869584916067,252.904596290214
0.538869563817765,7.10088410927839
0.538869542806495,251.861150684576
0.538869521881959,7.07156616263682
0.538869501043862,250.820538463764
0.538869480291906,7.04232810305075
0.538869459625795,249.782771545285
0.538869439045234,7.0131702619199
0.538869418549928,248.747861568977
0.538869398139582,6.98409296282411
0.538869377813902,247.715819896672
0.538869357572595,6.95509652152425
0.538869337415368,246.686657612195
0.538869317341928,6.92618124594953
0.538869297351984,245.660385521085
0.538869277445243,6.89734743621346
0.538869257621416,244.637014151294
0.538869237880211,6.8685953846224
0.538869218221338,243.61655375348
0.53886919864451,6.83992537568783
0.538869179149436,242.599014301812
0.538869159735828,6.8113376861561
0.538869140403399,241.584405494672
0.538869121151861,6.78283258502678
0.538869101980929,240.572736755884
0.538869082890315,6.7544103335931
0.538869063879735,239.564017235841
0.538869044948903,6.72607118547211
0.538869026097536,238.5582558128
0.538869007325349,6.69781538664148
0.538868988632059,237.555461094359
0.538868970017384,6.66964317549307
0.538868951481041,236.555641419082
0.538868933022749,6.64155478286397
0.538868914642227,235.558804858163
0.538868896339195,6.61355043210014
0.538868878113373,234.564959217101
0.538868859964482,6.58563033909604
0.538868841892243,233.574112037818
0.538868823896379,6.55779471235604
0.538868805976611,232.586270600392
0.538868788132664,6.53004375304782
0.53886877036426,231.601441925314
0.538868752671126,6.5023776550647
0.538868735052984,230.619632775321
0.538868717509563,6.47479660507716
0.538868700040586,229.640849657871
0.538868682645782,6.44730078260641
0.538868665324878,228.665098827093
0.538868648077602,6.41989036007813
0.538868630903683,227.692386286511
0.53886861380285,6.39256550289592
0.538868596774833,226.722717790779
0.538868579819364,6.36532636950114
0.538868562936172,225.756098848552
0.53886854612499,6.33817311144557
0.53886852938555,224.792534724764
0.538868512717587,6.31110587345405
0.538868496120833,223.832030443023
0.538868479595022,6.28412479350014
0.538868463139891,222.874590788118
0.538868446755174,6.25723000287315
0.538868430440609,221.920220308482
0.538868414195931,6.23042162624928
0.538868398020879,220.968923318977
0.538868381915192,6.20369978176467
0.538868365878607,220.020703903085
0.538868349910865,6.17706458108604
0.538868334011706,219.075565915816
0.53886831818087,6.15051612948749
0.5388683024181,218.13351298597
0.538868286723138,6.12405452591307
0.538868271095726,217.194548519188
0.538868255535608,6.09767986306724
0.538868240042529,216.258675699983
0.538868224616233,6.07139222747051
0.538868209256465,215.325897494963
0.538868193962973,6.04519169954533
0.538868178735502,214.396216655007
0.538868163573801,6.0190783536847
0.538868148477617,213.469635718116
0.5388681334467,5.99305225832758
0.538868118480799,212.546157011983
0.538868103579665,5.96711347603596
0.538868088743047,211.625782656655
0.538868073970698,5.94126206356232
0.538868059262371,210.708514567004
0.538868044617817,5.91549807192826
0.538868030036791,209.794354455717
0.538868015519047,5.88982154650079
0.538868001064339,208.883303835504
0.538867986672424,5.8642325270577
0.538867972343058,207.97536402206
0.538867958075998,5.83873104786626
0.538867943871001,207.070536136398
0.538867929727826,5.81331713776214
0.538867915646232,206.168821107631
0.538867901625979,5.78799082021178
0.538867887666826,205.270219675488
0.538867873768536,5.76275211339072
0.538867859930869,204.374732393026
0.538867846153589,5.73760103025811
0.538867832436459,203.482359628851
0.538867818779242,5.71253757862524
0.538867805181702,202.593101570281
0.538867791643606,5.68756176122728
0.538867778164719,201.706958225245
0.538867764744807,5.66267357579893
0.538867751383638,200.823929425176
0.53886773808098,5.63787301513979
0.538867724836601,199.944014827569
0.538867711650271,5.61316006719079
0.53886769852176,199.067213918382
0.538867685450838,5.58853471510176
0.538867672437276,198.19352601441
0.538867659480848,5.56399693730238
0.538867646581325,197.322950265952
0.538867633738482,5.5395467075656
0.538867620952091,196.455485659311
0.538867608221929,5.51518399508765
0.53886759554777,195.591131018994
0.538867582929391,5.4909087645451
0.538867570366568,194.729885010252
0.53886755785908,5.4667209761784
0.538867545406704,193.871746141684
0.53886753300922,5.44262058583489
0.538867520666406,193.016712767331
0.538867508378044,5.41860754506161
0.538867496143914,192.164783089114
0.538867483963799,5.39468180115886
0.538867471837479,191.315955159385
0.538867459764739,5.37084329724006
0.538867447745363,190.470226883055
0.538867435779134,5.3470919723148
0.538867423865837,189.627596019952
0.538867412005259,5.3234277613384
0.538867400197186,188.788060187204
0.538867388441406,5.29985059528107
0.538867376737705,187.951616861492
0.538867365085873,5.27636040119849
0.538867353485698,187.118263381112
0.538867341936972,5.25295710227976
0.538867330439483,186.287996948523
0.538867318993024,5.22964061792639
0.538867307597386,185.460814632339
0.538867296252362,5.20641086380475
0.538867284957746,184.636713369644
0.53886727371333,5.18326775190883
0.538867262518911,183.815689968125
0.538867251374282,5.16021119062534
0.538867240279241,182.997741108189
0.538867229233584,5.13724108478833
0.538867218237108,182.182863345192
0.53886720728961,5.11435733574507
0.538867196390891,181.371053111518
0.538867185540749,5.09155984140879
0.538867174738984,180.562306718631
0.538867163985397,5.0688484963233
0.53886715327979,179.756620359167
0.538867142621963,5.04622319171929
0.538867132011721,178.95399010903
0.538867121448866,5.02368381556831
0.538867110933202,178.15441192947
0.538867100464535,5.00123025264615
0.538867090042669,177.357881668952
0.538867079667411,4.97886238458283
0.538867069338566,176.564395065211
0.538867059055944,4.95658008991997
0.538867048819351,175.77394774731
0.538867038628596,4.9343832441733
0.538867028483489,174.986535237428
0.538867018383839,4.91227171987623
0.538867008329457,174.202152953105
0.538866998320155,4.89024538663928
0.538866988355745,173.420796208672
0.538866978436039,4.86830411120615
0.53886696856085,172.642460217546
0.538866958729992,4.84644775750071
0.53886694894328,171.867140094017
0.538866939200529,4.82467618668527
0.538866929501555,171.094830854843
0.538866919846175,4.80298925720548
0.538866910234205,170.325527421525
0.538866900665464,4.7813868248495
0.538866891139769,169.559224621671
0.538866881656941,4.75986874279414
0.538866872216798,168.795917191103
0.538866862819161,4.73843486165442
0.538866853463851,168.035599775462
0.53886684415069,4.71708502953127
0.5388668348795,167.278266932086
0.538866825650104,4.69581909206968
0.538866816462326,166.523913131535
0.538866807315989,4.67463689249774
0.538866798210918,165.772532759516
0.53886678914694,4.65353827167459
0.53886678012388,165.024120118404
0.538866771141564,4.63252306814638
0.538866762199821,164.278669429177
0.538866753298478,4.6115911181823
0.538866744437364,163.536174832625
0.538866735616307,4.59074225582653
0.538866726835138,162.79663039145
0.538866718093688,4.56997631294744
0.538866709391787,162.060030091563
0.538866700729267,4.54929311927057
0.53886669210596,161.326367843769
0.538866683521699,4.52869250244059
0.538866674976319,160.595637485412
0.538866666469652,4.50817428804604
0.538866658001534,159.867832781923
0.538866649571801,4.48773829967972
0.538866641180287,159.142947428181
0.53886663282683,4.46738435897088
0.538866624511267,158.420975050293
0.538866616233436,4.44711228562982
0.538866607993175,157.701909206827
0.538866599790323,4.42692189749712
0.538866591624721,156.985743390445
0.538866583496207,4.40681301057198
0.538866575404623,156.272471029476
0.53886656734981,4.38678543906628
0.538866559331611,155.562085489133
0.538866551349867,4.36683899543564
0.538866543404423,154.854580072959
0.538866535495121,4.34697349042174
0.538866527621807,154.149948024482
0.538866519784325,4.32718873309595
0.538866511982521,153.448182528285
0.53886650421624,4.30748453089301
0.538866496485331,152.749276711729
0.538866488789639,4.28786068965192
0.538866481129013,152.053223645831
0.538866473503301,4.26831701364997
0.538866465912353,151.360016347081
0.538866458356017,4.2488533056491
0.538866450834145,150.669647778597
0.538866443346586,4.22946936692296
0.538866435893193,149.982110851287
0.538866428473817,4.21016499729807
0.53886642108831,149.297398425194
0.538866413736526,4.1909399951907
0.538866406418319,148.615503310941
0.538866399133542,4.1717941576398
0.538866391882049,147.936418270855
0.538866384663698,4.15272728034266
0.538866377478343,147.260136020167
0.53886637032584,4.13373915769242
0.538866363206048,146.586649228304
0.538866356118822,4.11482958280585
0.538866349064022,145.915950519929
0.538866342041506,4.09599834756312
0.538866335051133,145.248032476559
0.538866328092763,4.07724524264156
0.538866321166256,144.582887637167
0.538866314271473,4.05857005753828
0.538866307408275,143.92050849973
0.538866300576525,4.03997258061706
0.538866293776085,143.260887522324
0.538866287006817,4.02145259913126
0.538866280268586,142.604017123966
0.538866273561255,4.00300989925442
0.538866266884689,141.949889686166
0.538866260238753,3.98464426611485
0.538866253623314,141.298497553727
0.538866247038236,3.96635548382551
0.538866240483387,140.64983303577
0.538866233958634,3.94814333551639
0.538866227463844,140.003888407141
0.538866220998887,3.93000760335729
0.538866214563631,139.360655909004
0.538866208157946,3.91194806859865
0.5388662017817,138.72012775037
0.538866195434765,3.89396451158078
0.538866189117012,138.082296108556
0.538866182828312,3.87605671179186
0.538866176568536,137.447153130831
0.538866170337558,3.85822444786392
0.538866164135251,136.814690934743
0.538866157961487,3.8404674976255
0.538866151816142,136.184901609763
0.538866145699088,3.82278563811451
0.538866139610202,135.557777217509
0.538866133549359,3.8051786456154
0.538866127516434,134.93330979356
0.538866121511305,3.78764629567222
0.538866115533848,134.311491347622
0.538866109583941,3.77018836312909
0.538866103661462,133.692313864786
0.53886609776629,3.7528046221482
0.538866091898302,133.075769306528
0.538866086057379,3.73549484623564
0.538866080243401,132.461849611397
0.538866074456249,3.71825880826963
0.538866068695802,131.850546696043
0.538866062961943,3.70109628052016
0.538866057254553,131.241852456073
0.538866051573515,3.68400703467929
0.538866045918712,130.635758766674
0.538866040290027,3.66699084187888
0.538866034687343,130.032257483929
0.538866029110546,3.65004747272077
0.538866023559519,129.431340445182
0.538866018034149,3.63317669729439
0.53886601253432,128.832999470139
0.53886600705992,3.61637828520077
0.538866001610834,128.237226361568
0.53886599618695,3.59965200557879
0.538865990788155,127.644012906086
0.538865985414337,3.58299762712429
0.538865980065385,127.053350874926
0.538865974741188,3.56641491811089
0.538865969441635,126.465232024941
0.538865964166617,3.54990364641277
0.538865958916023,125.879648098883
0.538865953689743,3.53346357952726
0.538865948487671,125.296590826697
0.538865943309696,3.51709448459536
0.538865938155712,124.716051925891
0.53886593302561,3.50079612841905
0.538865927919284,124.138023102338
0.538865922836627,3.48456827748684
0.538865917777534,123.562496051088
0.538865912741898,3.46841069798697
0.538865907729615,122.989462457063
0.538865902740579,3.45232315583553
0.538865897774686,122.418913995487
0.538865892831833,3.43630541668677
0.538865887911916,121.850842332977
0.538865883014831,3.42035724595885
0.538865878140477,121.285239127814
0.53886587328875,3.40447840884912
0.538865868459551,120.722096031053
0.538865863652776,3.38866867035513
0.538865858868325,120.161404686604
0.538865854106098,3.37292779528807
0.538865849365994,119.603156732389
0.538865844647915,3.35725554829513
0.53886583995176,119.047343800704
0.538865835277431,3.34165169387686
0.53886583062483,118.493957518896
0.538865825993858,3.32611599640137
0.538865821384419,117.942989509862
0.538865816796414,3.31064822012275
0.538865812229748,117.394431393005
0.538865807684324,3.29524812919972
0.538865803160045,116.848274784249
0.538865798656818,3.27991548770693
0.538865794174545,116.304511297271
0.538865789713134,3.26465005965899
0.538865785272488,115.763132543395
0.538865780852516,3.24945160901715
0.538865776453122,115.224130132715
0.538865772074214,3.23431989971485
0.5388657677157,114.687495674351
0.538865763377486,3.21925469565911
0.538865759059481,114.153220777073
0.538865754761594,3.20425576076354
0.538865750483733,113.621297049854
0.538865746225808,3.18932285895006
0.538865741987728,113.091716102267
0.538865737769403,3.17445575416676
0.538865733570744,112.564469545187
0.538865729391662,3.15965421040445
0.538865725232067,112.039548991124
0.538865721091871,3.14491799170549
0.538865716970986,111.516946054835
0.538865712869325,3.13024686218375
0.5388657087868,110.996652353818
0.538865704723324,3.11564058603891
0.53886570067881,110.478659508561
0.538865696653173,3.10109892756173
0.538865692646327,109.962959143499
0.538865688658185,3.08662165115088
0.538865684688664,109.449542886836
0.538865680737678,3.07220852133263
0.538865676805143,108.938402371627
0.538865672890975,3.0578593027654
0.53886566899509,108.429529235743
0.538865665117405,3.04357376025274
0.538865661257837,107.922915122663
0.538865657416304,3.02935165876029
0.538865653592723,107.418551681459
0.538865649787013,3.015192763424
0.538865645999092,106.916430567925
0.538865642228878,3.00109683956225
0.538865638476292,106.416543444263
0.538865634741252,2.98706365268909
0.538865631023679,105.918881979858
0.538865627323493,2.97309296852404
0.538865623640614,105.423437851594
0.538865619974963,2.95918455300618
0.538865616326462,104.930202744448
0.538865612695033,2.94533817229765
0.538865609080597,104.439168351487
0.538865605483076,2.93155359280547
0.538865601902393,103.950326374576
0.538865598338472,2.91783058118348
0.538865594791235,103.463668524644
0.538865591260607,2.90416890434474
0.53886558774651,102.979186521903
0.53886558424887,2.89056832947412
0.538865580767611,102.496872096559
0.538865577302658,2.87702862403313
0.538865573853937,102.016716988732
0.538865570421373,2.86354955577958
0.538865567004892,101.538712949203
0.53886556360442,2.85013089276295
0.538865560219884,101.062851739394
0.538865556851211,2.83677240334677
0.538865553498327,100.589125131969
0.538865550161162,2.82347385621181
0.538865546839642,100.117524911028
0.538865543533695,2.81023502036356
0.538865540243251,99.648042872501
0.538865536968238,2.7970556651465
0.538865533708585,99.1806708243158
0.538865530464222,2.78393556024797
0.538865527235078,98.7154005868965
0.538865524021083,2.77087447570889
0.538865520822168,98.2522239932881
0.538865517638264,2.75787218193013
0.538865514469301,97.7911328896146
0.538865511315211,2.74492844968571
0.538865508175926,97.3321191352311
0.538865505051376,2.7320430501255
0.538865501941495,96.8751746031001
0.538865498846215,2.71921575478454
0.538865495765469,96.4202911799322
0.538865492699189,2.70644633559081
0.53886548964731,95.9674607666427
0.538865486609765,2.69373456487494
0.538865483586487,95.5166752785173
0.538865480577412,2.68108021537448
0.538865477582473,95.0679266454183
0.538865474601606,2.66848306024009
0.538865471634745,94.6212068122336
0.538865468681827,2.65594287305117
0.538865465742786,94.176507738744
0.538865462817559,2.64345942781142
0.538865459906082,93.733821400282
0.538865457008291,2.63103249895913
0.538865454124124,93.2931397879508
0.538865451253517,2.61866186138224
0.538865448396409,92.8544549083824
0.538865445552736,2.60634729041231
0.538865442722436,92.4177587844496
0.538865439905448,2.59408856183706
0.538865437101711,91.983043455421
0.538865434311163,2.58188545190825
0.538865431533742,91.5503009768304
0.538865428769389,2.56973773734396
0.538865426018044,91.1195234213215
0.538865423279645,2.55764519533594
0.538865420554133,90.6907028780588
0.538865417841448,2.5456076035556
0.538865415141531,90.2638314536761
0.538865412454324,2.53362474016218
0.538865409779766,89.8389012720187
0.538865407117801,2.52169638380051
0.538865404468368,89.4159044744351
0.538865401831411,2.50982231361641
0.538865399206871,88.9948332201087
0.538865396594691,2.49800230925489
0.538865393994814,88.5756796861082
0.538865391407183,2.48623615086572
0.538865388831741,88.1584360674557
0.538865386268432,2.47452361911494
0.538865383717198,87.7430945776376
0.538865381177985,2.46286449518166
0.538865378650737,87.3296474485325
0.538865376135398,2.4512585607655
0.538865373631912,86.9180869305238
0.538865371140226,2.43970559809647
0.538865368660283,86.5084052929132
0.53886536619203,2.42820538993081
0.538865363735413,86.1005948238001
0.538865361290377,2.41675771955874
0.538865358856869,85.6946478304509
0.538865356434835,2.40536237081585
0.538865354024221,85.2905566394571
0.538865351624976,2.39401912807459
0.538865349237045,84.888313596552
0.538865346860377,2.38272777625783
0.538865344494919,84.4879110673304
0.538865342140619,2.37148810084122
0.538865339797425,84.0893414366929
0.538865337465286,2.36029988785364
0.538865335144149,83.6925971096811
0.538865332833965,2.34916292388212
0.538865330534682,83.2976705110532
0.538865328246249,2.3380769960808
0.538865325968616,82.9045540857375
0.538865323701733,2.32704189216561
0.538865321445549,82.5132402988443
0.538865319200015,2.31605740042588
0.538865316965081,82.1237216358015
0.538865314740698,2.3051233097231
0.538865312526818,81.7359906024265
0.53886531032339,2.29423940949453
0.538865308130366,81.3500397251293
0.538865305947698,2.2834054897569
0.538865303775337,80.96586155103
0.538865301613236,2.27262134111349
0.538865299461347,80.5834486479116
0.538865297319622,2.26188675474767
0.538865295188014,80.2027936044617
0.538865293066475,2.25120152243516
0.538865290954959,79.8238890304578
0.538865288853419,2.24056543654385
0.538865286761809,79.4467275565301
0.538865284680081,2.22997829003406
0.538865282608191,79.0713018346764
0.538865280546092,2.2194398764612
0.538865278493738,78.6976045381293
0.538865276451084,2.20894998998664
0.538865274418086,78.3256283613588
0.538865272394696,2.19850842536757
0.538865270380872,77.955366020376
0.538865268376568,2.1881149779677
0.538865266381739,77.5868102527145
0.538865264396343,2.17776944375807
0.538865262420333,77.2199538174071
0.538865260453667,2.16747161931708
0.538865258496302,76.8547894952979
0.538865256548192,2.15722130183437
0.538865254609297,76.4913100889033
0.538865252679571,2.14701828911481
0.538865250758973,76.1295084225625
0.538865248847459,2.13686237957681
0.538865246944988,75.7693773426156
0.538865245051517,2.126753372254
0.538865243167004,75.4109097172105
0.538865241291407,2.1166910668026
0.538865239424684,75.0540984366601
0.538865237566794,2.10667526349635
0.538865235717696,74.6989364131731
0.538865233877348,2.09670576323315
0.538865232045709,74.3454165814546
0.53886523022274,2.08678236753328
0.538865228408398,73.9935318980286
0.538865226602644,2.07690487854272
0.538865224805438,73.6432753418595
0.53886522301674,2.06707309903721
0.538865221236509,73.2946399142626
0.538865219464707,2.05728683241643
0.538865217701293,72.947618638883
0.538865215946228,2.04754588271581
0.538865214199474,72.6022045615966
0.538865212460992,2.03785005459363
0.538865210730741,72.2583907510674
0.538865209008685,2.02819915334792
0.538865207294785,71.9161702981177
0.538865205589002,2.01859298490685
0.538865203891298,71.5755363164114
0.538865202201636,2.00903135583163
0.538865200519978,71.2364819418449
0.538865198846286,1.99951407332408
0.538865197180523,70.8990003331651
0.538865195522652,1.99004094521585
0.538865193872636,70.5630846717564
0.538865192230437,1.98061177998102
0.53886519059602,70.2287281615457
0.538865188969348,1.97122638673148
0.538865187350384,69.8959240293032
0.538865185739093,1.96188457521645
0.538865184135438,69.5646655243464
0.538865182539383,1.95258615582505
0.538865180950894,69.2349459189156
0.538865179369933,1.9433309395885
0.538865177796466,68.9067585079489
0.538865176230459,1.93411873817901
0.538865174671875,68.580096609234
0.53886517312068,1.92494936390794
0.538865171576839,68.2549535633871
0.538865170040318,1.91582262973451
0.538865168511082,67.9313227337724
0.538865166989098,1.90673834925487
0.53886516547433,67.6091975067022
0.538865163966746,1.89769633671113
0.538865162466311,67.2885712912872
0.538865160972992,1.88869640699049
0.538865159486755,66.9694375195468
0.538865158007567,1.87973837562027
0.538865156535395,66.6517896464288
0.538865155070206,1.87082205877332
0.538865153611968,66.3356211497235
0.538865152160647,1.86194727327069
0.538865150716211,66.0209255301891
0.538865149278627,1.85311383657344
0.538865147847864,65.707696311444
0.538865146423889,1.84432156678878
0.538865145006671,65.3959270400794
0.538865143596177,1.83557028266984
0.538865142192376,65.0856112855954
0.538865140795237,1.82685980361496
0.538865139404728,64.7767426403753
0.538865138020817,1.81818994966421
0.538865136643475,64.4693147197546
0.53886513527267,1.8095605415064
0.538865133908371,64.163321161954
0.538865132550547,1.80097140047291
0.538865131199169,63.8587556282539
0.538865129854206,1.79242234854359
0.538865128515627,63.5556118026133
0.538865127183403,1.78391320833529
0.538865125857503,63.2538833920587
0.538865124537898,1.77544380311817
0.538865123224559,62.9535641266154
0.538865121917455,1.76701395679942
0.538865120616557,62.6546477589116
0.538865119321837,1.75862349393392
0.538865118033264,62.3571280646747
0.538865116750811,1.75027223972015
0.538865115474448,62.0609988424619
0.538865114204146,1.74196001999872
0.538865112939877,61.7662539136677
0.538865111681613,1.73368666125213
0.538865110429325,61.4728871224489
0.538865109182985,1.72545199060808
0.538865107942565,61.1808923359283
0.538865106708037,1.71725583583517
0.538865105479374,60.8902634440428
0.538865104256547,1.70909802534222
0.53886510303953,60.6009943593116
0.538865101828294,1.70097838817988
0.538865100622813,60.3130790173402
0.538865099423059,1.69289675404177
0.538865098229006,60.0265113761903
0.538865097040626,1.68485295325631
0.538865095857892,59.7412854168474
0.538865094680779,1.6768468167951
0.53886509350926,59.4573951429952
0.538865092343307,1.66887817626859
0.538865091182896,59.1748345808244
0.538865090028,1.66094686392037
0.538865088878592,58.8935977794581
0.538865087734647,1.65305271264035
0.538865086596139,58.6136788104893
0.538865085463042,1.64519555594448
0.538865084335332,58.3350717681102
0.538865083212981,1.63737522799136
0.538865082095967,58.0577707691435
0.538865080984261,1.62959156357429
0.538865079877841,57.781769953082
0.538865078776681,1.62184439811809
0.538865077680756,57.5070634816254
0.538865076590041,1.61413356768076
0.538865075504512,57.2336455393307
0.538865074424144,1.60645890895588
0.538865073348914,56.9615103329862
0.538865072278795,1.59882025926482
0.538865071213766,56.6906520919158
0.5388650701538,1.59121745656265
0.538865069098876,56.4210650678327
0.538865068048968,1.58365033943399
0.538865067004053,56.1527435346569
0.538865065964107,1.57611874709146
0.538865064929108,55.8856817889583
0.538865063899031,1.56862251937178
0.538865062873853,55.6198741493
0.538865061853551,1.56116149674639
0.538865060838102,55.355314956616
0.538865059827484,1.55373552030456
0.538865058821673,55.0919985741181
0.538865057820646,1.54634443176579
0.538865056824382,54.8299193870816
0.538865055832857,1.53898807346948
0.538865054846049,54.5690718030491
0.538865053863935,1.53166628837898
0.538865052886495,54.3094502515486
0.538865051913704,1.52437892008181
0.538865050945542,54.0510491843415
0.538865049981987,1.51712581277929
0.538865049023016,53.7938630748888
0.538865048068609,1.50990681129659
0.538865047118743,53.5378864190362
0.538865046173397,1.502721761076
0.538865045232549,53.2831137343538
0.538865044296179,1.49557050817491
0.538865043364265,53.0295395602227
0.538865042436786,1.4884528992681
0.538865041513721,52.7771584580862
0.53886504059505,1.48136878164184
0.538865039680751,52.5259650110493
0.538865038770803,1.47431800320004
0.538865037865187,52.2759538239701
0.538865036963881,1.46730041245344
0.538865036066865,52.0271195235723
0.53886503517412,1.46031585852527
0.538865034285624,51.7794567580963
0.538865033401357,1.45336419114619
0.5388650325213,51.5329601975006
0.538865031645433,1.44644526065959
0.538865030773735,51.2876245332305
0.538865029906188,1.43955891800965
0.538865029042771,51.0434444783719
0.538865028183464,1.43270501474492
0.538865027328249,50.8004147674023
0.538865026477106,1.42588340302436
0.538865025630015,50.5585301562457
0.538865024786959,1.41909393560359
0.538865023947916,50.3177854222276
0.538865023112869,1.41233646584212
0.538865022281798,50.0781753640041
0.538865021454685,1.40561084769494
0.53886502063151,49.8396948016102
0.538865019812256,1.39891693571896
0.538865018996903,49.602338576048
0.538865018185433,1.39225458506648
0.538865017377829,49.3661015497577
0.53886501657407,1.38562365148626
0.53886501577414,49.1309786062319
0.538865014978019,1.37902399131656
0.538865014185691,48.8969646499587
0.538865013397136,1.37245546149396
0.538865012612338,48.6640546065378
0.538865011831278,1.36591791954002
0.538865011053938,48.4322434224976
0.538865010280302,1.35941122356842
0.53886500951035,48.2015260653425
0.538865008744067,1.35293523228241
0.538865007981434,47.9718975232819
0.538865007222435,1.34648980496595
0.538865006467051,47.7433528055777
0.538865005715266,1.34007480149296
0.538865004967063,47.5158869420301
0.538865004222424,1.33369008231787
0.538865003481334,47.2894949832551
0.538865002743774,1.32733550847755
0.538865002009729,47.0641720003969
0.538865001279181,1.32101094158755
0.538865000552115,46.8399130853635
0.538864999828513,1.31471624384534
0.538864999108358,46.6167133504241
0.538864998391636,1.30845127802084
0.538864997678329,46.3945679283796
0.538864996968421,1.30221590746181
0.538864996261897,46.1734719725323
0.538864995558739,1.29600999608853
0.538864994858932,45.9534206563783
0.538864994162461,1.28983340839344
0.538864993469309,45.7344091739103
0.53886499277946,1.28368600943971
0.5388649920929,45.5164327392127
0.538864991409612,1.27756766486128
0.53886499072958,45.2994865865255
0.53886499005279,1.27147824085645
0.538864989379225,45.0835659704658
0.538864988708872,1.26541760418821
0.538864988041713,44.8686661654072
0.538864987377735,1.25938562218631
0.538864986716922,44.6547824660793
0.538864986059259,1.25338216274146
0.538864985404731,44.4419101867375
0.538864984753323,1.24740709430552
0.538864984105021,44.2300446619555
0.538864983459809,1.24146028588846
0.538864982817673,44.0191812458179
0.538864982178599,1.23554160705671
0.538864981542572,43.8093153124145
0.538864980909576,1.22965092793588
0.538864980279599,43.6004422553807
0.538864979652626,1.22378811919947
0.538864979028642,43.3925574881168
0.538864978407633,1.21795305207907
0.538864977789585,43.1856564435699
0.538864977174484,1.21214559835327
0.538864976562316,42.9797345742836
0.538864975953067,1.20636563035002
0.538864975346723,42.7747873521868
0.538864974743271,1.20061302094481
0.538864974142696,42.5708102685851
0.538864973544985,1.19488764355773
0.538864972950124,42.3677988343907
0.538864972358101,1.18918937215382
0.5388649717689,42.1657485794599
0.53886497118251,1.18351808124011
0.538864970598916,41.9646550530701
0.538864970018105,1.17787364586053
0.538864969440065,41.7645138238014
0.538864968864781,1.17225594160342
0.538864968292241,41.5653204789805
0.538864967722432,1.16666484458679
0.53886496715534,41.3670706253072
0.538864966590954,1.16110023146699
0.538864966029259,41.1697598882932
0.538864965470244,1.15556197943717
0.538864964913894,40.9733839123893
0.538864964360199,1.15004996621663
0.538864963809145,40.7779383610262
0.538864963260719,1.14456407005655
0.53886496271491,40.583418916254
0.538864962171704,1.13910416973571
0.53886496163109,40.3898212790193
0.538864961093054,1.13367014455912
0.538864960557585,40.1971411688152
0.538864960024671,1.12826187435785
0.538864959494299,40.0053743238859
0.538864958966457,1.1228792394833
0.538864958441133,39.814516500811
0.538864957918316,1.11752212080937
0.538864957397993,39.624563474865
0.538864956880153,1.11219039972675
0.538864956364783,39.4355110396474
0.538864955851872,1.10688395814983
0.538864955341408,39.2473550071718
0.53886495483338,1.1016026785017
0.538864954327775,39.0600912076124
0.538864953824584,1.09634644372266
0.538864953323793,38.8737154895729
0.538864952825392,1.09111513726535
0.538864952329369,38.688223719729
0.538864951835712,1.08590864309166
0.538864951344412,38.5036117828058
0.538864950855456,1.08072684567294
0.538864950368833,38.3198755817538
0.538864949884532,1.07556962998519
0.538864949402542,38.1370110372867
0.538864948922853,1.07043688151477
0.538864948445453,37.9550140882507
0.53886494797033,1.06532848624864
0.538864947497476,37.7738806911337
0.538864947026878,1.06024433066954
0.538864946558525,37.5936068203882
0.538864946092408,1.05518430176799
0.538864945628516,37.4141884680484
0.538864945166838,1.05014828703079
0.538864944707363,37.2356216441444
0.538864944250081,1.04513617443725
0.538864943794981,37.0579023758666
0.538864943342054,1.04014785246776
0.538864942891288,36.8810267082252
0.538864942442674,1.03518321008475
0.538864941996202,36.7049907036529
0.53886494155186,1.03024213675533
0.538864941109639,36.5297904419496
0.538864940669529,1.02532452242309
0.53886494023152,36.355422020326
0.538864939795602,1.02043025752833
0.538864939361764,36.1818815532978
0.538864938929997,1.01555923299038
0.538864938500292,36.0091651725514
0.538864938072637,1.01071134021629
0.538864937647024,35.8372690269509
0.538864937223443,1.00588647109368
0.538864936801884,35.6661892824914
0.538864936382338,1.00108451799046
0.538864935964794,35.4959221221577
0.538864935549244,0.996305373752014
0.538864935135677,35.3264637459419
0.538864934724085,0.991548931702741
0.538864934314458,35.1578103708032
0.538864933906786,0.986815085643695
0.538864933501061,34.9899582304174
0.538864933097273,0.982103729841553
0.538864932695413,34.8229035753592
0.538864932295471,0.977414759040961
0.538864931897439,34.6566426729158
0.538864931501307,0.972748068456694
0.538864931107067,34.4911718069996
0.538864930714709,0.968103553765552
0.538864930324224,34.326487278123
0.538864929935604,0.963481111117588
0.538864929548839,34.1625854033257
0.538864929163921,0.958880637120624
0.538864928780841,33.9994625161286
0.53886492839959,0.95430202885247
0.53886492802016,33.8371149665638
0.538864927642541,0.949745183841635
0.538864927266726,33.6755391208661
0.538864926892705,0.945210000088563
0.538864926520471,33.5147313616449
0.538864926150013,0.94069637603817
0.538864925781325,33.3546880876137
0.538864925414397,0.936204210600291
0.538864925049222,33.1954057139189
0.538864924685791,0.931733403135887
0.538864924324095,33.0368806715535
0.538864923964126,0.92728385345708
0.538864923605877,32.8791094075749
0.538864923249338,0.92285546182434
0.538864922894502,32.7220883850925
0.53886492254136,0.918448128952816
0.538864922189906,32.5658140831773
0.538864921840129,0.914061755997585
0.538864921492023,32.4102829966034
0.53886492114558,0.90969624456641
0.538864920800791,32.2554916360265
0.538864920457649,0.905351496704178
0.538864920116146,32.1014365278509
0.538864919776274,0.901027414897514
0.538864919438026,31.9481142140852
0.538864919101392,0.896723902079819
0.538864918766367,31.7955212524362
0.538864918432942,0.892440861614307
0.538864918101109,31.6436542161123
0.538864917770861,0.888178197306518
0.538864917442191,31.4925096936803
0.538864917115091,0.883935813394988
0.538864916789553,31.342084289359
0.53886491646557,0.879713614550068
0.538864916143134,31.1923746225874
0.538864915822239,0.875511505876032
0.538864915502877,31.0433773281403
0.53886491518504,0.871329392903502
0.538864914868721,30.8950890560229
0.538864914553913,0.867167181595111
0.538864914240609,30.7475064713474
0.538864913928802,0.863024778334872
0.538864913618484,30.6006262546155
0.538864913309649,0.858902089937943
0.538864913002289,30.4544451010505
0.538864912696397,0.854799023635067
0.538864912391967,30.3089597210281
0.53886491208899,0.850715487084128
0.538864911787462,30.1641668399757
0.538864911487373,0.846651388357403
0.538864911188719,30.0200631979606
0.538864910891491,0.842606635951027
0.538864910595683,29.8766455499997
0.538864910301288,0.838581138769929
0.5388649100083,29.7339106659262
0.538864909716711,0.83457480613982
0.538864909426516,29.5918553302129
0.538864909137707,0.830587547795244
0.538864908850277,29.4504763419171
0.538864908564222,0.826619273885464
0.538864908279532,29.3097705148176
0.538864907996203,0.822669894963438
0.538864907714228,29.1697346769848
0.538864907433599,0.818739321997026
0.538864907154312,29.0303656712773
0.538864906876359,0.814827466354252
0.538864906599734,28.8916603545478
0.538864906324431,0.810934239811858
0.538864906050443,28.7536155984751
0.538864905777764,0.807059554543474
0.538864905506389,28.6162282886031
0.538864905236309,0.803203323131632
0.538864904967521,28.4794953249477
0.538864904700016,0.799365458551208
0.53886490443379,28.3434136215327
0.538864904168836,0.795545874182064
0.538864903905148,28.2079801066816
0.53886490364272,0.791744483793857
0.538864903381546,28.0731917226184
0.53886490312162,0.787961201551235
0.538864902862936,27.9390454256157
0.538864902605488,0.784195942017967
0.53886490234927,27.8055381858936
0.538864902094277,0.780448620143414
0.538864901840502,27.6726669875048
0.53886490158794,0.776719151268412
0.538864901336584,27.5404288284203
0.53886490108643,0.773007451119562
0.538864900837472,27.4088207202293
0.538864900589703,0.769313435816407
0.538864900343118,27.2778396883998
0.538864900097711,0.76563702185558
0.538864899853477,27.1474827718446
0.538864899610411,0.761978126120802
0.538864899368506,27.0177470233329
0.538864899127756,0.758336665878191
0.538864898888158,26.8886295088642
0.538864898649705,0.754712558772495
0.538864898412391,26.760127308167
0.538864898176211,0.751105722826305
0.53886489794116,26.6322375143468
0.538864897707233,0.747516076441934
0.538864897474423,26.5049572337452
0.538864897242726,0.743943538392568
0.538864897012136,26.3782835861841
0.538864896782649,0.740388027829474
0.538864896554258,26.2522137045832
0.538864896326958,0.736849464272401
0.538864896100746,26.1267447351483
0.538864895875614,0.733327767615846
0.538864895651558,26.0018738372658
0.538864895428573,0.729822858118867
0.538864895206654,25.8775981832758
0.538864894985795,0.726334656410516
0.538864894765993,25.7539149587736
0.53886489454724,0.722863083486477
0.538864894329534,25.6308213620701
0.538864894112867,0.71940806070399
0.538864893897237,25.5083146045383
0.538864893682637,0.715969509785397
0.538864893469062,25.3863919104622
0.538864893256509,0.712547352813308
0.538864893044972,25.2650505168081
0.538864892834445,0.709141512230878
0.538864892624925,25.1442876734328
0.538864892416406,0.705751910837286
0.538864892208885,25.0241006427963
0.538864892002355,0.702378471790803
0.538864891796812,24.9044867000533
0.538864891592252,0.699021118606285
0.538864891388669,24.7854431329484
0.53886489118606,0.695679775146087
0.538864890984419,24.6669672417494
0.538864890783742,0.692354365631153
0.538864890584024,24.5490563392928
0.538864890385261,0.689044814629707
0.538864890187448,24.4317077506692
0.538864889990581,0.685751047057836
0.538864889794654,24.3149188135502
0.538864889599665,0.682472988183847
0.538864889405607,24.1986868778714
0.538864889212477,0.679210563618908
0.53886488902027,24.0830093057716
0.538864888828982,0.675963699315856
0.538864888638609,23.9678834716461
0.538864888449145,0.672732321578204
0.538864888260588,23.8533067620708
0.538864888072931,0.669516357046458
0.538864887886172,23.7392765758237
0.538864887700306,0.666315732699221
0.538864887515328,23.6257903235702
0.538864887331234,0.663130375857612
0.538864887148021,23.5128454281479
0.538864886965683,0.659960214179107
0.538864886784217,23.4004393242475
0.538864886603618,0.656805175656065
0.538864886423883,23.2885694585095
0.538864886245008,0.653665188616151
0.538864886066987,23.1772332894509
0.538864885889817,0.650540181718428
0.538864885713495,23.0664282873425
0.538864885538015,0.647430083955698
0.538864885363374,22.9561519342492
0.538864885189569,0.644334824646731
0.538864885016594,22.8464017238957
0.538864884844446,0.641254333444189
0.538864884673121,22.7371751617619
0.538864884502615,0.638188540322448
0.538864884332925,22.6284697648062
0.538864884164045,0.635137375587127
0.538864883995974,22.5202830615934
0.538864883828705,0.632100769862688
0.538864883662237,22.4126125921115
0.538864883496564,0.62907865409944
0.538864883331683,22.3054559079831
0.538864883167591,0.626070959566803
0.538864883004283,22.1988105720334
0.538864882841756,0.623077617860439
0.538864882680006,22.0926741585445
0.53886488251903,0.620098560885603
0.538864882358823,21.9870442529993
0.538864882199382,0.617133720871229
0.538864882040703,21.8819184522898
0.538864881882784,0.614183030357741
0.538864881725619,21.7772943643369
0.538864881569206,0.611246422205898
0.53886488141354,21.6731696083496
0.538864881258619,0.608323829582555
0.538864881104438,21.5695418145584
0.538864880950995,0.605415185972732
0.538864880798286,21.466408624189
0.538864880646306,0.602520425164633
0.538864880495053,21.3637676897024
0.538864880344524,0.599639481261418
0.538864880194714,21.2616166742512
0.538864880045621,0.596772288672815
0.53886487989724,21.1599532520136
0.538864879749569,0.593918782109804
0.538864879602604,21.0587751080788
0.538864879456342,0.591078896596696
0.538864879310779,20.9580799381917
0.538864879165912,0.588252567454185
0.538864879021738,20.8578654490086
0.538864878878254,0.585439730306673
0.538864878735455,20.7581293578444
0.538864878593339,0.582640321080149
0.538864878451903,20.658869392673
0.538864878311143,0.579854276000588
0.538864878171056,20.5600832920976
0.538864878031639,0.577081531593522
0.538864877892889,20.461768805297
0.538864877754802,0.574322024674826
0.538864877617375,20.3639236919601
0.538864877480606,0.571575692365771
0.538864877344491,20.2665457222972
0.538864877209026,0.568842472072517
0.53886487707421,20.1696326768639
0.538864876940038,0.566122301499668
0.538864876806507,20.0731823466631
0.538864876673615,0.563415118640602
0.538864876541359,19.9771925332275
0.538864876409735,0.56072086178169
0.538864876278741,19.8816610478886
0.538864876148372,0.558039469495389
0.538864876018628,19.7865857127396
0.538864875889504,0.555370880643979
0.538864875760997,19.6919643597231
0.538864875633105,0.552715034373933
0.538864875505824,19.5977948312391
0.538864875379152,0.550071870118185
0.538864875253086,19.5040749794445
0.538864875127623,0.54744132759601
0.53886487500276,19.410802666881
0.538864874878493,0.544823346802871
0.538864874754822,19.31797576594
0.538864874631741,0.54221786802314
0.538864874509249,19.2255921591117
0.538864874387343,0.539624831813894
0.53886487426602,19.1336497385409
0.538864874145277,0.537044179015832
0.538864874025112,19.0421464066862
0.538864873905521,0.534475850746679
0.538864873786502,18.951080075453
0.538864873668053,0.531919788399156
0.538864873550169,18.8604486667607
0.53886487343285,0.529375933641974
0.538864873316092,18.7702501122346
0.538864873199892,0.526844228414726
0.538864873084247,18.6804823532048
0.538864872969156,0.524324614933791
0.538864872854615,18.5911433405832
0.538864872740623,0.521817035685586
0.538864872627175,18.5022310350949
0.53886487251427,0.519321433424272
0.538864872401904,18.4137434068903
0.538864872290076,0.516837751176402
0.538864872178783,18.3256784357137
0.538864872068023,0.514365932235366
0.538864871957792,18.238034110723
0.538864871848088,0.511905920155372
0.538864871738909,18.1508084306652
0.538864871630251,0.509457658766857
0.538864871522114,18.0639994035799
0.538864871414494,0.507021092152799
0.538864871307389,17.9776050468874
0.538864871200795,0.504596164667856
0.538864871094712,17.8916233874014
0.538864870989136,0.502182820923515
0.538864870884065,17.8060524611502
0.538864870779496,0.499781005794369
0.538864870675428,17.7208903133803
0.538864870571857,0.497390664411588
0.538864870468782,17.6361349985613
0.538864870366199,0.495011742166263
0.538864870264108,17.5517845803821
0.538864870162504,0.492644184706349
0.538864870061387,17.4678371315906
0.538864869960753,0.490287937935962
0.538864869860601,17.3842907339604
0.538864869760927,0.48794294801344
0.53886486966173,17.3011434782634
0.538864869563008,0.48560916134873
0.538864869464758,17.2183934644368
0.538864869366977,0.483286524607391
0.538864869269665,17.1360388012396
0.538864869172818,0.480974984703135
0.538864869076434,17.0540776063446
0.538864868980511,0.478674488804075
0.538864868885047,16.9725080063087
0.538864868790039,0.476384984321159
0.538864868695486,16.8913281364711
0.538864868601386,0.474106418918392
0.538864868507735,16.8105361410784
0.538864868414532,0.471838740503795
0.538864868321775,16.7301301730193
0.538864868229462,0.469581897230118
0.53886486813759,16.6501083938496
0.538864868046158,0.467335837497973
0.538864867955163,16.5704689738729
0.538864867864603,0.465100509946734
0.538864867774476,16.4912100920666
0.538864867684781,0.462875863461399
0.538864867595514,16.4123299358394
0.538864867506675,0.46066184716671
0.53886486741826,16.3338267012899
0.538864867330268,0.458458410429383
0.538864867242697,16.2556985929912
0.538864867155546,0.456265502849314
0.538864867068811,16.1779438238961
0.53886486698249,0.454083074272281
0.538864866896583,16.1005606155672
0.538864866811087,0.451911074772114
0.538864866725999,16.0235471977084
0.538864866641319,0.449749454665865
0.538864866557043,15.9469018086301
0.538864866473171,0.44759816450027
0.5388648663897,15.8706226948399
0.538864866306628,0.44545715505815
0.538864866223954,15.794708111126
0.538864866141675,0.443326377351445
0.538864866059789,15.7191563205589
0.538864865978296,0.441205782627927
0.538864865897192,15.6439655943084
0.538864865816476,0.439095322360677
0.538864865736146,15.5691342116986
0.5388648656562,0.436994948256642
0.538864865576637,15.4946604604992
0.538864865497454,0.434904612248022
0.538864865418651,15.4205426361747
0.538864865340224,0.432824266495259
0.538864865262172,15.3467790424217
0.538864865184494,0.430753863383242
0.538864865107187,15.2733679908384
0.53886486503025,0.428693355524097
0.538864864953681,15.2003078013111
0.538864864877478,0.426642695751129
0.53886486480164,15.1275968012512
0.538864864726164,0.424601837124685
0.53886486465105,15.0552333262406
0.538864864576295,0.422570732921056
0.538864864501897,14.9832157196113
0.538864864427856,0.420549336645892
0.538864864354168,14.9115423326998
0.538864864280833,0.418537602015395
0.538864864207849,14.8402115244179
0.538864864135214,0.416535482971934
0.538864864062927,14.7692216615499
0.538864863990985,0.414542933670383
0.538864863919387,14.6985711185873
0.538864863848132,0.412559908486574
0.538864863777218,14.6282582777229
0.538864863706643,0.410586362008547
0.538864863636406,14.558281528842
0.538864863566504,0.408622249043379
0.538864863496937,14.4886392693717
0.538864863427703,0.406667524608352
0.5388648633588,14.4193299042878
0.538864863290227,0.404722143933359
0.538864863221981,14.3503518462485
0.538864863154062,0.402786062465068
0.538864863086468,14.2817035153525
0.538864863019198,0.400859235855098
0.538864862952249,14.2133833391396
0.53886486288562,0.39894161997048
0.53886486281931,14.1453897526698
0.538864862753318,0.397033170880724
0.538864862687641,14.0777211983356
0.538864862622278,0.395133844868777
0.538864862557228,14.0103761260453
0.538864862492489,0.39324359842278
0.53886486242806,13.9433529928057
0.538864862363939,0.391362388237298
0.538864862300125,13.8766502631517
0.538864862236616,0.389490171210198
0.53886486217341,13.8102664088232
0.538864862110508,0.3876269044462
0.538864862047906,13.7441999087708
0.538864861985603,0.385772545250742
0.538864861923599,13.6784492490832
0.538864861861891,0.38392705113306
0.538864861800479,13.6130129233134
0.53886486173936,0.382090379803894
0.538864861678534,13.5478894317607
0.538864861617999,0.380262489175216
0.538864861557753,13.4830772820599
0.538864861497795,0.378443337353694
0.538864861438125,13.4185749888892
0.538864861378739,0.376632882651251
0.538864861319638,13.3543810739438
0.53886486126082,0.374831083572833
0.538864861202283,13.2904940659658
0.538864861144026,0.373037898820785
0.538864861086047,13.2269125006446
0.538864861028347,0.371253287292926
0.538864860970922,13.1636349205343
0.538864860913772,0.369477208086127
0.538864860856895,13.1006598752412
0.53886486080029,0.367709620485151
0.538864860743956,13.0379859211928
0.538864860687892,0.365950483971402
0.538864860632096,12.9756116215992
0.538864860576567,0.364199758217596
0.538864860521303,12.9135355465533
0.538864860466304,0.36245740308957
0.538864860411568,12.8517562729675
0.538864860357094,0.360723378638762
0.53886486030288,12.7902723843583
0.538864860248926,0.358997645109606
0.53886486019523,12.7290824711195
0.538864860141791,0.357280162937502
0.538864860088607,12.668185130254
0.538864860035678,0.355570892739909
0.538864859983002,12.6075789654724
0.538864859930579,0.353869795326035
0.538864859878405,12.5472625869883
0.538864859826482,0.352176831687649
0.538864859774807,12.4872346117584
0.538864859723379,0.350491963001992
0.538864859672197,12.4274936632742
0.53886485962126,0.348815150633327
0.538864859570567,12.3680383714622
0.538864859520116,0.347146356129421
0.538864859469907,12.3088673728727
0.538864859419938,0.345485541213872
0.538864859370208,12.24997931043
0.538864859320716,0.343832667798992
0.53886485927146,12.1913728335976
0.538864859222441,0.342187697978967
0.538864859173655,12.1330465980607
0.538864859125104,0.340550594020239
0.538864859076784,12.0749992663428
0.538864859028696,0.338921318375025
0.538864858980837,12.0172295066626
0.538864858933208,0.337299833672044
0.538864858885807,11.9597359940646
0.538864858838632,0.335686102715626
0.538864858791683,11.9025174097858
0.538864858744959,0.334080088491018
0.538864858698458,11.8455724410536
0.538864858652179,0.332481754155106
0.538864858606123,11.7888997818208
0.538864858560286,0.330891063040565
0.538864858514669,11.7324981317836
0.53886485846927,0.329307978658024
0.538864858424088,11.6763661970113
0.538864858379122,0.32773246468427
0.538864858334372,11.6205026898006
0.538864858289835,0.326164484975932
0.538864858245512,11.5649063283466
0.538864858201401,0.324604003558022
0.5388648581575,11.5095758372009
0.53886485811381,0.323050984626922
0.538864858070329,11.4545099467849
0.538864858027056,0.321505392548065
0.53886485798399,11.3997073935941
0.538864857941129,0.319967191857687
0.538864857898474,11.3451669201647
0.538864857856024,0.318436347261507
0.538864857813776,11.2908872749938
0.53886485777173,0.316912823628889
0.538864857729885,11.2368672125462
0.538864857688241,0.31539658600241
0.538864857646796,11.1831054931196
0.538864857605549,0.313887599584458
0.5388648575645,11.1296008830509
0.538864857523647,0.312385829748085
0.538864857482989,11.0763521543443
0.538864857442526,0.31089124202696
0.538864857402256,11.0233580851726
0.538864857362179,0.309403802120904
0.538864857322294,10.9706174590564
0.5388648572826,0.307923475892988
0.538864857243096,10.9181290657509
0.538864857203781,0.306450229367681
0.538864857164653,10.865891700509
0.538864857125713,0.304984028730239
0.53886485708696,10.8139041642757
0.538864857048391,0.303524840330002
0.538864857010007,10.7621652639492
0.538864856971807,0.302072630671668
0.53886485693379,10.7106738118637
0.538864856895954,0.300627366424501
0.5388648568583,10.6594286260774
0.538864856820826,0.299189014412485
0.538864856783531,10.6084285303474
0.538864856746414,0.297757541618488
0.538864856709475,10.557672353914
0.538864856672713,0.296332915180434
0.538864856636127,10.5071589316708
0.538864856599715,0.294915102397847
0.538864856563478,10.4568871039746
0.538864856527414,0.293504070721486
0.538864856491523,10.4068557167671
0.538864856455804,0.292099787758347
0.538864856420255,10.3570636214775
0.538864856384877,0.290702221269312
0.538864856349668,10.3075096750043
0.538864856314627,0.289311339168491
0.538864856279754,10.2581927395519
0.538864856245048,0.287927109523036
0.538864856210507,10.2091116830119
0.538864856176133,0.286549500553288
0.538864856141922,10.1602653783867
0.538864856107875,0.285178480627781
0.538864856073991,10.1116527042107
0.53886485604027,0.283814018269371
0.538864856006709,10.0632725443581
0.53886485597331,0.282456082146781
0.53886485594007,10.0151237878608
0.538864855906989,0.281104641082207
0.538864855874066,9.96720532918062
0.538864855841301,0.279759664042379
0.538864855808692,9.91951606802604
0.53886485577624,0.278421120142624
0.538864855743943,9.87205490934703
0.5388648557118,0.277088978649393
0.538864855679811,9.82482076327359
0.538864855647976,0.275763208968477
0.538864855616292,9.77781254507972
0.53886485558476,0.274443780658068
0.53886485555338,9.73102917536207
0.538864855522149,0.273130663415244
0.538864855491067,9.68446957966795
0.538864855460135,0.271823827087416
0.53886485542935,9.63813268876674
0.538864855398713,0.270523241661524
0.538864855368222,9.59201743852173
0.538864855337877,0.269228877268448
0.538864855307677,9.54612276990311
0.538864855277622,0.267940704180062
0.538864855247711,9.5004476288504
0.538864855217942,0.266658692814063
0.538864855188317,9.45499096622715
0.538864855158833,0.265382813724329
0.538864855129489,9.40975173815617
0.538864855100287,0.264113037608236
0.538864855071224,9.36472890555854
0.5388648550423,0.262849335299376
0.538864855013515,9.31992143422482
0.538864854984867,0.261591677773507
0.538864854956356,9.2753282951055
0.538864854927982,0.260340036143715
0.538864854899744,9.23094846383816
0.53886485487164,0.259094381660704
0.538864854843671,9.18678092112667
0.538864854815836,0.257854685712454
0.538864854788134,9.14282465238007
0.538864854760565,0.256620919820742
0.538864854733128,9.09907864797883
0.538864854705821,0.255393055645792
0.538864854678646,9.05554190288941
0.538864854651601,0.254171064982313
0.538864854624684,9.01221341714636
0.538864854597897,0.252954919761093
0.538864854571238,8.96909219538946
0.538864854544707,0.251744592042749
0.538864854518302,8.92617724693978
0.538864854492024,0.250540054022358
0.538864854465871,8.88346758605303
0.538864854439844,0.249341278031931
0.538864854413941,8.84096223151875
0.538864854388162,0.248148236526757
0.538864854362506,8.79866020679095
0.538864854336974,0.246960902103513
0.538864854311563,8.75656054008186
0.538864854286274,0.245779247481616
0.538864854261106,8.71466226421076
0.538864854236058,0.244603245514008
0.53886485421113,8.67296441651864
0.538864854186322,0.24343286918122
0.538864854161632,8.63146603906664
0.53886485413706,0.242268091594679
0.538864854112606,8.59016617840175
0.538864854088269,0.241108885992926
0.538864854064049,8.54906388553548
0.538864854039944,0.239955225742729
0.538864854015954,8.50815821629865
0.53886485399208,0.238807084337963
0.538864853968319,8.46744823063517
0.538864853944673,0.237664435395472
0.538864853921139,8.42693299324415
0.538864853897718,0.236527252664005
0.538864853874409,8.38661157318247
0.538864853851212,0.235395510010321
0.538864853828126,8.34648304396542
0.53886485380515,0.234269181432877
0.538864853782284,8.30654648357679
0.538864853759527,0.233148241048783
0.538864853736879,8.26680097422586
0.53886485371434,0.232032663103386
0.538864853691909,8.22724560275541
0.538864853669585,0.230922421958486
0.538864853647367,8.18787946014487
0.538864853625256,0.229817492104351
0.538864853603251,8.14870164178879
0.538864853581351,0.228717848150266
0.538864853559556,8.10971124749368
0.538864853537865,0.227623464826614
0.538864853516278,8.07090738111139
0.538864853494794,0.226534316982787
0.538864853473413,8.03228915102931
0.538864853452135,0.225450379591705
0.538864853430958,7.99385566975507
0.538864853409882,0.224371627741746
0.538864853388908,7.95560605407473
0.538864853368033,0.223298036644178
0.538864853347259,7.91753942494567
0.538864853326584,0.222229581625097
0.538864853306008,7.87965490753151
0.53886485328553,0.221166238130442
0.538864853265151,7.84195163115502
0.538864853244868,0.220107981722191
0.538864853224683,7.80442872936859
0.538864853204595,0.21905478808005
0.538864853184602,7.76708533976357
0.538864853164706,0.218006632996456
0.538864853144904,7.7299206041384
0.538864853125197,0.216963492384055
0.538864853105585,7.69293366826451
0.538864853086066,0.215925342267492
0.538864853066641,7.65612368213035
0.538864853047309,0.214892158786748
0.538864853028069,7.61948979965451
0.538864853008921,0.213863918194279
0.538864852989865,7.58303117891899
0.5388648529709,0.21284059685899
0.538864852952026,7.54674698186219
0.538864852933242,0.211822171258294
0.538864852914548,7.51063637456092
0.538864852895944,0.210808617985407
0.538864852877428,7.47469852699099
0.538864852859001,0.209799913745326
0.538864852840662,7.43893261316417
0.538864852822411,0.208796035349664
0.538864852804248,7.40333781096837
0.538864852786171,0.207796959725371
0.538864852768181,7.36791330221863
0.538864852750277,0.206802663908826
0.538864852732458,7.3326582727184
0.538864852714725,0.205813125044282
0.538864852697076,7.29757191198412
0.538864852679512,0.204828320384162
0.538864852662032,7.26265341364901
0.538864852644636,0.203848227295959
0.538864852627323,7.22790197491937
0.538864852610093,0.202872823246452
0.538864852592945,7.19331679701984
0.538864852575879,0.201902085813893
0.538864852558895,7.15889708491693
0.538864852541993,0.20093599268648
0.538864852525171,7.12464204746113
0.538864852508429,0.19997452165412
0.538864852491768,7.09055089717056
0.538864852475187,0.199017650614386
0.538864852458684,7.05662285031471
0.538864852442261,0.198065357572396
0.538864852425916,7.02285712701355
0.53886485240965,0.197117620635927
0.538864852393461,6.98925295098222
0.53886485237735,0.196174418017193
0.538864852361316,6.95580954976592
0.538864852345359,0.195235728034386
0.538864852329478,6.92252615452656
0.538864852313673,0.194301529107361
0.538864852297943,6.88940200014436
0.538864852282289,0.193371799758197
0.53886485226671,6.85643632495512
0.538864852251205,0.19244651861578
0.538864852235775,6.82362837130559
0.538864852220418,0.191525664406215
0.538864852205135,6.79097738483196
0.538864852189925,0.190609215958683
0.538864852174788,6.7584826148756
0.538864852159723,0.189697152207017
0.53886485214473,6.72614331447912
0.538864852129809,0.188789452178286
0.53886485211496,6.69395874003993
0.538864852100181,0.187886095007282
0.538864852085473,6.66192815164387
0.538864852070836,0.186987059922914
0.538864852056268,6.63005081289617
0.538864852041771,0.186092326256257
0.538864852027342,6.59832599086769
0.538864852012983,0.185201873437885
0.538864851998692,6.56675295624919
0.53886485198447,0.184315680992865
0.538864851970316,6.53533098295517
0.53886485195623,0.183433728547088
0.538864851942211,6.50405934867897
0.538864851928259,0.182555995823012
0.538864851914373,6.47293733442334
0.538864851900555,0.1816824626374
0.538864851886802,6.44196422461048
0.538864851873115,0.180813108910099
0.538864851859494,6.41113930704577
0.538864851845938,0.17994791464986
0.538864851832447,6.38046187301506
0.53886485181902,0.179086859962474
0.538864851805657,6.34993121720067
0.538864851792359,0.178229925052106
0.538864851779124,6.31954663757318
0.538864851765953,0.177377090213963
0.538864851752844,6.28930743544965
0.538864851739798,0.176528335840331
0.538864851726815,6.25921291558886
0.538864851713894,0.175683642412701
0.538864851701034,6.22926238603279
0.538864851688236,0.174842990510703
0.538864851675499,6.19945515808192
0.538864851662824,0.174006360803853
0.538864851650209,6.16979054634147
0.538864851637654,0.17317373405399
0.538864851625159,6.14026786871499
0.538864851612724,0.172345091116599
0.538864851600349,6.11088644634475
0.538864851588033,0.171520412936867
0.538864851575776,6.08164560357598
0.538864851563577,0.170699680553958
0.538864851551437,6.05254466814925
0.538864851539355,0.169882875090938
0.538864851527331,6.02358297073435
0.538864851515364,0.169069977769733
0.538864851503455,5.99475984551824
0.538864851491602,0.168260969894879
0.538864851479806,5.96607462958101
0.538864851468067,0.167455832865985
0.538864851456384,5.93752666337014
0.538864851444757,0.166654548164385
0.538864851433185,5.90911529039674
0.538864851421669,0.165857097367753
0.538864851410208,5.88083985733307
0.538864851398801,0.165063462137591
0.53886485138745,5.8526997139302
0.538864851376152,0.164273624222226
0.538864851364909,5.82469421307858
0.53886485135372,0.163487565459422
0.538864851342584,5.79682271078368
0.538864851331501,0.162705267772984
0.538864851320471,5.76908456614913
0.538864851309494,0.161926713171662
0.53886485129857,5.74147914118105
0.538864851287698,0.161151883751726
0.538864851276878,5.71400580111897
0.53886485126611,0.160380761696462
0.538864851255393,5.68666391418835
0.538864851244727,0.159613329270903
0.538864851234113,5.65945285158602
0.538864851223549,0.158849568827669
0.538864851213036,5.63237198756496
0.538864851202573,0.15808946280053
0.53886485119216,5.60542069917953
0.538864851181797,0.157332993709212
0.538864851171484,5.57859836684501
0.53886485116122,0.156580144160242
0.538864851151005,5.55190437364209
0.538864851140839,0.155830896836446
0.538864851130722,5.52533810559033
0.538864851120653,0.155085234507656
0.538864851110632,5.49889895184187
0.53886485110066,0.1543431400256
0.538864851090734,5.47258630428184
0.538864851080857,0.153604596322999
0.538864851071027,5.4463995577463
0.538864851061243,0.152869586416802
0.538864851051507,5.42033811006841
0.538864851041817,0.152138093400142
0.538864851032173,5.39440136184216
0.538864851022576,0.151410100450763
0.538864851013025,5.3685887165352
0.538864851003519,0.150685590827392
0.538864850994059,5.34289958052763
0.538864850984644,0.149964547866407
0.538864850975274,5.31733336298806
0.538864850965949,0.14924695498381
0.538864850956668,5.29188947588978
0.538864850947432,0.148532795676084
0.53886485093824,5.26656733408385
0.538864850929092,0.147822053519596
0.538864850919988,5.24136635513953
0.538864850910928,0.14711471216577
0.53886485090191,5.21628595957434
0.538864850892936,0.14641075534755
0.538864850884005,5.19132557047165
0.538864850875117,0.145710166874054
0.538864850866271,5.16648461371269
0.538864850857468,0.145012930633681
0.538864850848706,5.14176251800496
0.538864850839987,0.144319030585781
0.538864850831309,5.11715871477286
0.538864850822673,0.143628450774645
0.538864850814078,5.09267263810872
0.538864850805524,0.142941175315645
0.538864850797011,5.06830372479282
0.538864850788539,0.142257188402286
0.538864850780108,5.04405141441499
0.538864850771716,0.141576474302233
0.538864850763365,5.01991514916311
0.538864850755054,0.140899017358723
0.538864850746783,4.99589437382122
0.538864850738551,0.140224801989608
0.538864850730359,4.97198853591321
0.538864850722206,0.139553812688901
0.538864850714092,4.94819708563459
0.538864850706016,0.13888603402163
0.53886485069798,4.9245194758076
0.538864850689981,0.138221450628942
0.538864850682021,4.9009551617257
0.5388648506741,0.137560047227065
0.538864850666216,4.87750360145191
0.538864850658369,0.136901808600062
0.538864850650561,4.85416425553257
0.538864850642789,0.136246719608908
0.538864850635055,4.8309365872293
0.538864850627358,0.13559476518679
0.538864850619698,4.80782006213976
0.538864850612074,0.134945930335262
0.538864850604487,4.78481414865904
0.538864850596936,0.134300200134115
0.538864850589422,4.76191831760624
0.538864850581943,0.133657559727342
0.5388648505745,4.73913204229295
0.538864850567092,0.133017994334294
0.538864850559721,4.71645479862343
0.538864850552384,0.132381489244537
0.538864850545082,4.69388606502635
0.538864850537816,0.131748029816591
0.538864850530584,4.67142532228855
0.538864850523387,0.131117601479783
0.538864850516224,4.64907205383917
0.538864850509095,0.130490189733191
0.538864850502001,4.62682574553621
0.538864850494941,0.129865780145499
0.538864850487914,4.6046858855722
0.538864850480921,0.129244358353295
0.538864850473961,4.58265196474279
0.538864850467035,0.128625910061932
0.538864850460142,4.56072347620523
0.538864850453282,0.128010421047271
0.538864850446454,4.53889991557871
0.53886485043966,0.127397877149716
0.538864850432898,4.51718078083485
0.538864850426168,0.126788264281643
0.53886485041947,4.49556557239973
0.538864850412805,0.126181568416879
0.538864850406171,4.47405379302629
0.538864850399569,0.125577775603317
0.538864850392999,4.45264494788504
0.53886485038646,0.124976871950287
0.538864850379953,4.43133854456789
0.538864850373476,0.124378843634881
0.538864850367031,4.41013409292804
0.538864850360616,0.123783676902851
0.538864850354232,4.3890311052418
0.538864850347879,0.123191358060251
0.538864850341556,4.36802909601711
0.538864850335263,0.122601873484618
0.538864850329001,4.3471275821816
0.538864850322768,0.12201520961437
0.538864850316565,4.32632608289192
0.538864850310392,0.121431352957077
0.538864850304249,4.30562411972047
0.538864850298134,0.120850290077809
0.53886485029205,4.28502121633695
0.538864850285994,0.120272007612896
0.538864850279967,4.2645168989005
0.538864850273969,0.119696492260815
0.538864850268,4.24411069572039
0.538864850262059,0.119123730778732
0.538864850256147,4.22380213736523
0.538864850250263,0.118553709993294
0.538864850244407,4.2035907566015
0.538864850238579,0.117986416792708
0.538864850232779,4.18347608859597
0.538864850227007,0.117421838126034
0.538864850221262,4.16345767062878
0.538864850215545,0.116859961006738
0.538864850209856,4.14353504216328
0.538864850204193,0.116300772507933
0.538864850198558,4.12370774480817
0.538864850192949,0.115744259767049
0.538864850187368,4.10397532260499
0.538864850181813,0.115190409982034
0.538864850176284,4.08433732154305
0.538864850170783,0.114639210412097
0.538864850165307,4.06479328982281
0.538864850159858,0.114090648375819
0.538864850154434,4.04534277806808
0.538864850149037,0.113544711256646
0.538864850143666,4.02598533859447
0.53886485013832,0.113001386492933
0.538864850133,4.00672052617243
0.538864850127705,0.112460661586397
0.538864850122436,3.98754789760581
0.538864850117191,0.111922524098435
0.538864850111972,3.96846701191394
0.538864850106778,0.111386961649286
0.538864850101609,3.94947743003052
0.538864850096465,0.110853961920627
0.538864850091345,3.93057871525891
0.538864850086249,0.110323512646722
0.538864850081178,3.91177043264276
0.538864850076131,0.109795601629613
0.538864850071109,3.89305214970753
0.53886485006611,0.109270216719212
0.538864850061136,3.8744234356745
0.538864850056185,0.108747345832747
0.538864850051258,3.85588386214512
0.538864850046354,0.108226976941437
0.538864850041474,3.83743300240436
0.538864850036617,0.107709098074869
0.538864850031784,3.81907043220423
0.538864850026973,0.107193697315437
0.538864850022186,3.80079572901805
0.538864850017421,0.106680762810223
0.53886485001268,3.78260847240514
0.538864850007961,0.106170282757087
0.538864850003264,3.76450824403924
0.53886484999859,0.105662245413766
0.538864849993939,3.74649462744548
0.53886484998931,0.105156639090357
0.538864849984702,3.72856720828934
0.538864849980117,0.10465345215666
0.538864849975554,3.71072557406255
0.538864849971013,0.104152673037295
0.538864849966493,3.69296931435881
0.538864849961995,0.103654290210937
0.538864849957519,3.67529802064493
0.538864849953064,0.103158292211651
0.53886484994863,3.6577112864989
0.538864849944217,0.102664667629848
0.538864849939826,3.64020870716355
0.538864849935456,0.102173405107506
0.538864849931106,3.62278988009896
0.538864849926778,0.101684493344936
0.53886484992247,3.60545440454265
0.538864849918182,0.101197921093261
0.538864849913916,3.58820188167281
0.538864849909669,0.100713677157844
0.538864849905443,3.57103191454167
0.538864849901237,0.100231750400215
0.538864849897052,3.55394410816974
0.538864849892886,0.0997521297305709
0.53886484988874,3.53693806947421
0.538864849884614,0.0992748041160627
0.538864849880508,3.52001340720186
0.538864849876421,0.0987997625761868
0.538864849872355,3.50316973192595
0.538864849868307,0.0983269941819937
0.538864849864279,3.4864066561829
0.53886484986027,0.0978564880561198
0.53886484985628,3.46972379438258
0.53886484985231,0.0973882333733569
0.538864849848358,3.4531207625943
0.538864849844426,0.0969222193628787
0.538864849840512,3.43659717890623
0.538864849836617,0.0964584353017186
0.53886484983274,3.42015266316329
0.538864849828882,0.0959968705205929
0.538864849825042,3.40378683699689
0.538864849821221,0.0955375144018072
0.538864849817419,3.38749932403559
0.538864849813634,0.0950803563749683
0.538864849809867,3.37128974937457
0.538864849806119,0.0946253859243412
0.538864849802388,3.35515774024501
0.538864849798676,0.0941725925819529
0.538864849794981,3.33910292543504
0.538864849791303,0.093721965931562
0.538864849787644,3.32312493558928
0.538864849784002,0.0932734956040288
0.538864849780377,3.30722340309017
0.53886484977677,0.0928271712830109
0.538864849773179,3.29139796207571
0.538864849769606,0.0923829826986137
0.538864849766051,3.2756482485263
0.538864849762512,0.0919409196337475
0.53886484975899,3.2599739000753
0.538864849755485,0.0915009719153076
0.538864849751997,3.2443745560637
0.538864849748525,0.0910631294257268
0.53886484974507,3.22884985766853
0.538864849741632,0.090627382086521
0.53886484973821,3.2133994476414
0.538864849734804,0.0901937198761722
0.538864849731415,3.1980229705756
0.538864849728041,0.0897621328171284
0.538864849724685,3.18272007268085
0.538864849721344,0.0893326109784664
0.538864849718019,3.16749040191604
0.53886484971471,0.088905144478886
0.538864849711417,3.15233360785529
0.538864849708139,0.0884797234820767
0.538864849704877,3.13724934179213
0.538864849701631,0.0880563382051068
0.538864849698401,3.12223725673444
0.538864849695186,0.0876349789032208
0.538864849691986,3.10729700721601
0.538864849688802,0.0872156358822046
0.538864849685632,3.09242824957684
0.538864849682478,0.0867982994947239
0.538864849679339,3.07763064164774
0.538864849676216,0.0863829601406945
0.538864849673107,3.06290384305791
0.538864849670012,0.0859696082630855
0.538864849666933,3.04824751494992
0.538864849663869,0.0855582343525282
0.538864849660819,3.03366132016114
0.538864849657783,0.0851488289421021
0.538864849654763,3.01914492306662
0.538864849651756,0.0847413826151164
0.538864849648764,3.00469798967072
0.538864849645787,0.0843358859957011
0.538864849642823,2.99032018766422
0.538864849639874,0.0839323297563911
0.538864849636939,2.97601118613729
0.538864849634018,0.0835307046105152
0.538864849631111,2.96177065596328
0.538864849628218,0.0831310013184932
0.538864849625339,2.94759826948069
0.538864849622473,0.0827332106856451
0.538864849619621,2.93349370065757
0.538864849616783,0.0823373235568463
0.538864849613959,2.91945662485877
0.538864849611148,0.0819433308248822
0.53886484960835,2.90548671932787
0.538864849605566,0.0815512234271618
0.538864849602795,2.891583662458
0.538864849600037,0.0811609923400114
0.538864849597293,2.87774713453241
0.538864849594562,0.0807726285859783
0.538864849591843,2.86397681707593
0.538864849589138,0.0803861232276593
0.538864849586446,2.85027239334545
0.538864849583766,0.0800014673758909
0.5388648495811,2.83663354796549
0.538864849578446,0.079618652179652
0.538864849575805,2.82305996724288
0.538864849573176,0.0792376688307285
0.53886484957056,2.80955133878185
0.538864849567957,0.0788585085630935
0.538864849565366,2.79610735187159
0.538864849562788,0.0784811626533935
0.538864849560221,2.7827276971054
0.538864849557667,0.0781056224205669
0.538864849555126,2.76941206676971
0.538864849552596,0.0777318792235243
0.538864849550079,2.756160154372
0.538864849547573,0.0773599244639504
0.53886484954508,2.74297165507994
0.538864849542599,0.076989749582903
0.538864849540129,2.7298462654273
0.538864849537671,0.0766213460651479
0.538864849535225,2.71678368345794
0.538864849532791,0.0762547054328675
0.538864849530368,2.70378360859374
0.538864849527957,0.0758898192520467
0.538864849525558,2.69084574176258
0.53886484952317,0.0755266791257749
0.538864849520793,2.67796978534752
0.538864849518428,0.0751652766992109
0.538864849516074,2.6651554429637
0.538864849513731,0.0748056036588882
0.5388648495114,2.65240241992999
0.538864849509079,0.0744476517284502
0.53886484950677,2.63971042269716
0.538864849504472,0.0740914126723583
0.538864849502185,2.62707915932565
0.538864849499909,0.0737368782927246
0.538864849497643,2.61450833911802
0.538864849495389,0.0733840404337775
0.538864849493145,2.60199767291812
0.538864849490912,0.0730328909784676
0.53886484948869,2.58954687290626
0.538864849486478,0.0726834218461467
0.538864849484277,2.57715565255997
0.538864849482087,0.0723356249972602
0.538864849479907,2.56482372667634
0.538864849477737,0.0719894924268333
0.538864849475578,2.55255081177917
0.538864849473429,0.0716450161766631
0.53886484947129,2.5403366253567
0.538864849469162,0.0713021883147233
0.538864849467044,2.52818088625415
0.538864849464936,0.0709610009577657
0.538864849462838,2.51608331504873
0.53886484946075,0.0706214462510583
0.538864849458672,2.50404363319759
0.538864849456604,0.0702835163868094
0.538864849454546,2.49206156369318
0.538864849452498,0.0699472035886043
0.538864849450459,2.48013683099994
0.53886484944843,0.0696125001176931
0.538864849446411,2.46826916065038
0.538864849444402,0.0692793982734679
0.538864849442402,2.45645827955886
0.538864849440412,0.068947890390497
0.538864849438432,2.44470391607677
0.538864849436461,0.0686179688446682
0.538864849434499,2.43300579970223
0.538864849432547,0.0682896260419656
0.538864849430604,2.42136366130545
0.53886484942867,0.0679628544287222
0.538864849426745,2.40977723289071
0.53886484942483,0.0676376464875201
0.538864849422924,2.39824624807051
0.538864849421027,0.0673139947339317
0.538864849419139,2.38677044147216
0.538864849417261,0.066991891724099
0.538864849415391,2.37534954900613
0.53886484941353,0.0666713300441941
0.538864849411678,2.3639833079013
0.538864849409835,0.066352302318728
0.538864849408,2.35267145670588
0.538864849406175,0.0660348012096984
0.538864849404358,2.34141373512266
0.53886484940255,0.0657188194107316
0.538864849400751,2.33020988404293
0.53886484939896,0.0654043496517449
0.538864849397177,2.31905964585224
0.538864849395404,0.0650913846958237
0.538864849393638,2.30796276384033
0.538864849391882,0.0647799173444694
0.538864849390133,2.29691898276776
0.538864849388393,0.0644699404304382
0.538864849386661,2.28592804855831
0.538864849384938,0.0641614468207291
0.538864849383223,2.27498970825331
0.538864849381516,0.0638544294205204
0.538864849379817,2.26410371022227
0.538864849378127,0.0635488811603283
0.538864849376444,2.25326980403384
0.538864849374769,0.0632447950146379
0.538864849373103,2.24248774037474
0.538864849371444,0.0629421639849217
0.538864849369794,2.23175727111061
0.538864849368151,0.0626409811092287
0.538864849366516,2.22107814946123
0.538864849364889,0.0623412394563692
0.53886484936327,2.21045012967744
0.538864849361658,0.0620429321319198
0.538864849360055,2.19987296716284
0.538864849358459,0.0617460522696177
0.53886484935687,2.18934641860158
0.538864849355289,0.0614505930404288
0.538864849353716,2.17887024181562
0.53886484935215,0.0611565476459049
0.538864849350592,2.16844419569738
0.538864849349041,0.0608639093205543
0.538864849347498,2.15806804050065
0.538864849345962,0.0605726713305367
0.538864849344433,2.14774153731345
0.538864849342912,0.0602828269761978
0.538864849341398,2.13746444858552
0.538864849339891,0.0599943695876528
0.538864849338391,2.12723653793039
0.538864849336899,0.0597072925273998
0.538864849335413,2.11705756998386
0.538864849333935,0.0594215891911616
0.538864849332464,2.10692731045807
0.538864849331,0.0591372530062231
0.538864849329543,2.09684552637691
0.538864849328093,0.0588542774290413
0.53886484932665,2.08681198577358
0.538864849325213,0.0585726559487842
0.538864849323784,2.07682645778371
0.538864849322361,0.0582923820861524
0.538864849320946,2.06688871252109
0.538864849319537,0.0580134493922209
0.538864849318134,2.05699852148234
0.538864849316739,0.0577358514491794
0.53886484931535,2.04715565706769
0.538864849313968,0.0574595818686329
0.538864849312592,2.03735989277098
0.538864849311223,0.0571846342975798
0.538864849309861,2.02761100327178
0.538864849308505,0.0569110024063417
0.538864849307156,2.01790876422953
0.538864849305813,0.0566386798997439
0.538864849304476,2.00825295240864
0.538864849303146,0.0563676605139336
0.538864849301822,1.99864334557669
0.538864849300505,0.0560979380115965
0.538864849299194,1.98907972277558
0.538864849297889,0.0558295061862739
0.53886484929659,1.979561863882
0.538864849295298,0.0555623588637414
0.538864849294011,1.97008954982425
0.538864849292731,0.0552964898936171
0.538864849291457,1.9606625628095
0.538864849290189,0.0550318931637327
0.538864849288928,1.95128068577272
0.538864849287672,0.0547685625800479
0.538864849286422,1.94194370296932
0.538864849285178,0.054506492088981
0.538864849283941,1.93265139954946
0.538864849282709,0.0542456756586844
0.538864849281483,1.92340356169618
0.538864849280263,0.0539861072883063
0.538864849279048,1.91419997660569
0.53886484927784,0.0537277810027731
0.538864849276637,1.9050404325188
0.53886484927544,0.0534706908631114
0.538864849274249,1.89592471872556
0.538864849273063,0.0532148309516062
0.538864849271884,1.88685262547949
0.538864849270709,0.0529601953805846
0.538864849269541,1.8778239439819
0.538864849268378,0.0527067782918083
0.53886484926722,1.86883846655808
0.538864849266068,0.052454573856532
0.538864849264922,1.85989598646585
0.538864849263781,0.0522035762685388
0.538864849262646,1.85099629793119
0.538864849261516,0.0519537797542182
0.538864849260391,1.84213919617618
0.538864849259272,0.0517051785670489
0.538864849258158,1.83332447737813
0.53886484925705,0.0514577669845392
0.538864849255946,1.82455193878648
0.538864849254849,0.0512115393160591
0.538864849253756,1.81582137860128
0.538864849252668,0.050966489895321
0.538864849251586,1.8071325957933
0.538864849250509,0.0507226130856114
0.538864849249437,1.79848539051929
0.53886484924837,0.0504799032739072
0.538864849247309,1.78987956386829
0.538864849246252,0.0502383548771707
0.538864849245201,1.78131491777706
0.538864849244154,0.0499979623346263
0.538864849243112,1.77279125517079
0.538864849242076,0.0497587201199841
0.538864849241044,1.76430837995597
0.538864849240018,0.0495206227245826
0.538864849238996,1.75586609698469
0.538864849237979,0.0492836646713792
0.538864849236967,1.74746421194879
0.53886484923596,0.0490478405101603
0.538864849234958,1.73910253157708
0.53886484923396,0.048813144811542
0.538864849232968,1.73078086345402
0.53886484923198,0.0485795721776109
0.538864849230996,1.72249901609948
0.538864849230018,0.0483471172337799
0.538864849229044,1.71425679907757
0.538864849228075,0.0481157746312732
0.53886484922711,1.70605402252153
0.53886484922615,0.0478855390477514
0.538864849225195,1.6978904978436
0.538864849224244,0.0476564051847243
0.538864849223298,1.68976603725396
0.538864849222356,0.0474283677717889
0.538864849221419,1.68168045371299
0.538864849220486,0.0472014215597602
0.538864849219558,1.67363356117909
0.538864849218634,0.0469755613299853
0.538864849217715,1.66562517460392
0.5388648492168,0.0467507818830442
0.538864849215889,1.65765510963584
0.538864849214983,0.046527078048887
0.538864849214081,1.64972318290362
0.538864849213183,0.0463044446775049
0.53886484921229,1.64182921192971
0.538864849211401,0.0460828766492266
0.538864849210516,1.63397301514499
0.538864849209636,0.0458623688662988
0.538864849208759,1.62615441162115
0.538864849207887,0.0456429162537585
0.538864849207019,1.61837322163138
0.538864849206155,0.0454245137622296
0.538864849205296,1.61062926607131
0.53886484920444,0.0452071563651346
0.538864849203589,1.602922366732
0.538864849202741,0.044990839065394
0.538864849201898,1.59525234633524
0.538864849201058,0.0447755568830248
0.538864849200223,1.58761902842887
0.538864849199392,0.0445613048649515
0.538864849198564,1.5800222372456
0.538864849197741,0.0443480780819417
0.538864849196922,1.57246179814967
0.538864849196106,0.0441358716277395
0.538864849195295,1.56493753712161
0.538864849194487,0.043924680619226
0.538864849193683,1.55744928102484
0.538864849192883,0.0437145001988307
0.538864849192087,1.54999685756495
0.538864849191295,0.0435053255267061
0.538864849190506,1.54258009532223
0.538864849189721,0.0432971517961976
0.53886484918894,1.53519882358996
0.538864849188163,0.0430899742119666
0.538864849187389,1.52785287258426
0.538864849186619,0.0428837880102229
0.538864849185853,1.52054207322182
0.538864849185091,0.0426785884453224
0.538864849184332,1.51326625729047
0.538864849183576,0.0424743707963734
0.538864849182825,1.50602525747926
0.538864849182077,0.0422711303646674
0.538864849181332,1.49881890705717
0.538864849180591,0.0420688624748694
0.538864849179854,1.49164704031558
0.53886484917912,0.0418675624698976
0.53886484917839,1.48450949219059
0.538864849177663,0.0416672257222675
0.53886484917694,1.47740609849222
0.53886484917622,0.0414678476204618
0.538864849175503,1.4703366957282
0.53886484917479,0.0412694235753598
0.538864849174081,1.46330112127752
0.538864849173375,0.0410719490244492
0.538864849172672,1.45629921325206
0.538864849171972,0.0408754194232709
0.538864849171276,1.44933081054261
0.538864849170583,0.0406798302494229
0.538864849169894,1.44239575279847
0.538864849169208,0.0404851770024656
0.538864849168525,1.43549388050713
0.538864849167845,0.0402914552032388
0.538864849167169,1.42862503481948
0.538864849166496,0.0400986603980553
0.538864849165826,1.42178905766148
0.538864849165159,0.0399067881456979
0.538864849164495,1.41498579189541
0.538864849163835,0.0397158340339603
0.538864849163178,1.40821508085609
0.538864849162524,0.0395257936704987
0.538864849161873,1.40147676876523
0.538864849161225,0.0393366626810148
0.53886484916058,1.39477070052808
0.538864849159939,0.0391484367137603
0.5388648491593,1.38809672205055
0.538864849158665,0.0389611114387984
0.538864849158032,1.38145467959731
0.538864849157403,0.0387746825453919
0.538864849156777,1.3748444203809
0.538864849156153,0.03858914574507
0.538864849155533,1.36826579230292
0.538864849154915,0.0384044967682046
0.538864849154301,1.36171864406315
0.538864849153689,0.0382207313655491
0.538864849153081,1.35520282494795
0.538864849152475,0.0380378453100936
0.538864849151872,1.34871818503346
0.538864849151272,0.0378558343931241
0.538864849150675,1.34226457518273
0.538864849150081,0.0376746944267286
0.53886484914949,1.33584184688374
0.538864849148901,0.0374944212449231
0.538864849148315,1.32944985236248
0.538864849147732,0.0373150106969406
0.538864849147152,1.32308844445605
0.538864849146575,0.0371364586578364
0.538864849146,1.31675747693272
0.538864849145428,0.036958761016266
0.538864849144859,1.31045680409235
0.538864849144293,0.0367819136880108
0.538864849143729,1.30418628089067
0.538864849143168,0.0366059125983048
0.53886484914261,1.29794576308589
0.538864849142054,0.0364307537014012
0.538864849141501,1.29173510716074
0.538864849140951,0.0362564329682993
0.538864849140403,1.28555417014874
0.538864849139858,0.0360829463842965
0.538864849139316,1.2794028098236
0.538864849138776,0.0359102899595876
0.538864849138239,1.2732808846814
